src,dst,cosine_sim
3,4,0.6265814
3,407,0.5138317
3,27524,0.53556967
4,3,0.6265814
4,5,0.54544574
4,6,0.5153886
4,407,0.5746828
4,475,0.5025143
4,27464,0.5084726
4,27524,0.60356414
4,27691,0.50108993
4,27713,0.53919923
4,27901,0.5739394
4,27945,0.5288502
4,43839,0.5254704
5,4,0.54544574
5,6,0.52427405
6,4,0.5153886
6,5,0.52427405
8,1334,0.5705791
8,21029,0.5050072
8,32433,0.55988055
12,1334,0.7090897
12,20200,0.51203203
12,20594,0.51203203
12,21029,0.62759966
12,27370,0.58693933
12,28039,0.510767
23,40,0.83520436
23,51,0.8604512
23,1091,0.6419436
23,2408,0.7819454
23,3756,0.8579014
23,3833,0.7400131
23,4102,0.9477374
23,5712,0.69629
23,7139,0.63112664
23,7309,0.5451975
23,7476,0.6844536
23,7574,0.75092214
23,9235,0.7340232
23,9397,0.6482701
23,10598,0.58732694
23,11853,0.5820764
23,12137,0.9483243
23,12246,0.6424208
23,12485,0.86083657
23,13203,0.7830464
23,13524,0.64300203
23,13674,0.59982276
23,13683,0.8424426
23,13701,0.90863615
23,13703,0.9071247
23,14080,0.77374077
23,14280,0.6869261
23,14639,0.5463032
23,14751,0.6432921
23,14986,0.6840587
23,15227,0.9341241
23,16079,0.5812428
23,18623,0.5754522
23,19400,0.68553764
23,19548,0.538749
23,20263,0.57282853
23,20294,0.52099586
23,20297,0.8891896
23,20620,0.5857967
23,21117,0.9435529
23,21773,0.618325
23,22049,0.912171
23,22597,0.95015275
23,22871,0.52099395
23,23095,0.93266374
23,23141,0.94037205
23,24785,0.7460029
23,25026,0.75502306
23,25070,0.7587431
23,26246,0.5022999
23,26306,0.7156459
23,30902,0.504386
23,31872,0.59882015
23,32521,0.520135
23,32746,0.93894404
23,34088,0.504939
23,36131,0.68419695
23,36778,0.69514936
23,38008,0.84513056
23,40667,0.7264382
23,43205,0.7608586
23,44806,0.7191661
23,45335,0.6070408
23,46161,0.9484438
23,46192,0.72327346
24,27368,0.8981488
31,1334,0.54877764
31,21029,0.5029797
33,1334,0.5676416
33,20200,0.78610075
33,20594,0.78610075
33,21029,0.50240725
33,21128,0.50020635
33,27370,0.8004358
33,27970,0.50600415
37,305,0.5331706
37,27436,0.5024441
39,27374,0.7252083
40,23,0.83520436
40,51,0.7954821
40,1091,0.5946699
40,2408,0.7226711
40,3756,0.77450424
40,3833,0.6890888
40,4102,0.8635664
40,5712,0.65014803
40,7139,0.5690315
40,7309,0.5145559
40,7476,0.61987203
40,7574,0.69223475
40,9235,0.691314
40,9397,0.5937183
40,10598,0.52435815
40,11853,0.5694396
40,12137,0.8629836
40,12246,0.6092805
40,12485,0.7833131
40,13203,0.70743454
40,13524,0.6138237
40,13674,0.5588998
40,13683,0.7551077
40,13701,0.8280828
40,13703,0.82466334
40,14080,0.69425106
40,14280,0.65069616
40,14639,0.5085837
40,14751,0.59085906
40,14986,0.63185495
40,15227,0.8450269
40,16079,0.54923207
40,18623,0.55215293
40,19400,0.6457068
40,20263,0.5180831
40,20297,0.803455
40,20620,0.52025646
40,21117,0.85989356
40,21773,0.5905326
40,22049,0.84223795
40,22597,0.85885
40,23095,0.8486279
40,23141,0.86122906
40,24785,0.6988423
40,25026,0.6973197
40,25070,0.68721825
40,26306,0.66265583
40,31872,0.5787714
40,32746,0.85923916
40,33404,0.53199166
40,36131,0.6247646
40,36778,0.6476066
40,38008,0.7642571
40,40667,0.64232
40,43205,0.694446
40,44806,0.6557516
40,45335,0.5581228
40,46161,0.86187565
40,46192,0.628471
45,1334,0.54319525
47,43839,0.5104159
50,5855,0.53088844
50,27857,0.5658669
51,23,0.8604512
51,40,0.7954821
51,1091,0.6175196
51,2408,0.7304817
51,3756,0.8251466
51,3833,0.71060985
51,4102,0.9078605
51,5712,0.66749865
51,7139,0.61663646
51,7309,0.5431139
51,7476,0.6542095
51,7574,0.71576345
51,9235,0.7078109
51,9397,0.6474686
51,10598,0.58979946
51,11853,0.5487482
51,12137,0.8918228
51,12246,0.60589224
51,12485,0.81344134
51,13203,0.74682164
51,13524,0.652385
51,13666,0.504407
51,13674,0.5646642
51,13683,0.8059602
51,13701,0.8575525
51,13703,0.85113776
51,14080,0.7580529
51,14280,0.6972678
51,14639,0.5270034
51,14751,0.6251347
51,14986,0.6913025
51,15227,0.88147587
51,16079,0.5478462
51,18623,0.5356784
51,19400,0.65035474
51,19548,0.5187806
51,20263,0.5729191
51,20294,0.504767
51,20297,0.8518385
51,20620,0.5553056
51,21117,0.88953626
51,21773,0.57925224
51,22049,0.87182385
51,22597,0.8931696
51,22871,0.50404215
51,23095,0.8785434
51,23141,0.8961406
51,24785,0.6945385
51,25026,0.70960134
51,25070,0.7247274
51,26246,0.5018014
51,26306,0.6752766
51,31872,0.5569185
51,32746,0.8894935
51,36131,0.6594511
51,36778,0.6724701
51,38008,0.80936986
51,40667,0.7188771
51,43205,0.734677
51,44806,0.6882214
51,45335,0.6497232
51,46161,0.8957749
51,46192,0.6801776
52,11371,0.5316735
52,27387,0.75305974
52,34449,0.61601424
54,27420,0.77845323
61,32423,0.5314227
64,46452,0.50859576
70,33950,0.51422036
71,12291,0.58717823
71,13655,0.58226436
71,32789,0.58102226
71,34205,0.66041267
74,407,0.503479
74,27524,0.5665335
86,98,0.6161369
87,27529,0.50848496
90,27673,0.5008451
92,400,0.50787795
94,323,0.51940316
94,325,0.50304717
94,447,0.5294492
94,583,0.50361353
94,27617,0.55841196
94,27776,0.50304717
94,28096,0.5567987
98,86,0.6161369
98,27901,0.5392152
99,340,0.6367636
99,27485,0.5128319
104,27411,0.5128668
106,27534,0.78116167
108,299,0.50878453
108,572,0.66011316
108,4870,0.65099967
108,11050,0.6794794
108,11136,0.66011316
108,13367,0.56290746
108,14081,0.5730174
108,16809,0.5262597
108,20760,0.58326685
108,23682,0.5035599
108,24692,0.5943393
108,24699,0.50227404
108,29222,0.66011316
108,31778,0.66011316
108,32506,0.5258066
108,33822,0.5019005
108,34759,0.52984047
108,41708,0.5730174
108,42276,0.66011316
108,44260,0.5093982
108,46292,0.5441144
110,1511,0.58215183
113,27469,0.8537126
117,25146,0.52422863
119,13683,0.50845075
120,149,0.56218654
120,232,0.6112223
120,27411,0.51404023
120,27673,0.5906502
120,27865,0.54841167
120,43944,0.51115835
123,24753,0.70432866
123,27416,1.0
123,27483,0.631297
123,34322,0.5038893
133,583,0.52838206
134,20896,0.50613856
139,144,0.59548646
139,27449,0.52140516
140,451,0.5452884
143,459,0.5235412
143,27901,0.54009765
143,27945,0.5331714
144,139,0.59548646
149,120,0.56218654
149,232,0.5568262
149,440,0.66473997
149,27452,0.5187098
149,27515,0.5756989
149,27673,0.52101964
149,27837,0.5547687
149,27955,0.5876847
150,27521,1.0
150,29198,1.0
154,168,0.5867966
154,27519,0.67226994
156,3796,0.6564343
156,10169,0.5331633
156,27240,0.5331633
156,29231,0.5331633
156,32906,0.5331633
156,39672,0.5331633
160,8314,0.5067689
160,20375,0.5067689
165,27715,0.6003887
165,28092,0.588202
166,593,0.5395704
166,5084,0.58351386
166,11097,0.5936424
166,11569,0.515942
166,12159,0.5562901
166,24479,0.6241034
166,29724,0.5084677
168,154,0.5867966
172,9841,0.5207899
172,9856,0.6193696
172,9869,0.52103454
172,10036,0.50508386
172,10733,0.538286
172,27803,0.6046245
172,28054,0.54340833
172,36418,0.61709756
174,31140,0.54881096
175,6657,0.53271043
175,7937,0.6412543
175,8116,0.7779607
175,18998,0.55089676
175,20437,0.7779607
175,20869,0.5281147
175,25786,0.5122711
175,26274,0.7779607
175,26841,0.5021925
175,32749,0.7074025
175,33070,0.5122711
175,34305,0.5122711
178,31444,0.5383343
179,195,0.5398184
179,259,0.50254774
179,396,0.5056209
179,507,0.52024657
179,565,0.5160769
179,27915,0.5307741
179,28003,0.5214266
179,28079,0.50829536
185,305,0.5619859
185,453,0.5352867
185,13668,0.65605664
185,13671,0.5557195
185,20002,0.51364875
185,20573,0.65605664
185,20618,0.6443381
185,27617,0.6219642
185,28096,0.56742036
186,400,0.51333773
186,453,0.5348268
186,27617,0.5383404
186,28096,0.5338298
188,27627,0.510931
195,179,0.5398184
196,27485,0.7123711
207,27643,0.86914194
210,27364,0.5050298
210,27648,0.560366
211,20200,0.5618798
211,20594,0.5618798
214,1334,0.6675237
214,21029,0.59204847
214,27370,0.5525336
224,27662,0.87342143
231,19200,0.8323229
231,19808,0.5419423
231,25506,0.8056894
232,120,0.6112223
232,149,0.5568262
232,27673,0.5598553
235,447,0.53142774
237,27681,0.50862473
240,259,0.52270454
240,305,0.5055172
240,27685,0.5020847
243,27617,0.50211006
243,28096,0.5189856
245,27688,0.52052265
247,27692,0.8741346
250,4745,0.80586034
250,6599,0.50028837
250,7519,0.81805193
250,8775,0.60888237
250,9288,0.68175864
250,18148,0.7726609
250,18686,0.81361693
250,22717,0.75634235
250,27690,0.8759774
250,29028,0.8258068
250,29186,0.5304423
250,31835,0.63390625
250,32007,0.82184136
250,35671,0.6372958
250,37487,0.64031416
250,38884,0.59256685
250,40723,0.65445757
250,41173,0.66480833
250,44803,0.80509603
253,27915,0.50908566
257,259,0.56082046
257,451,0.50037086
257,482,0.50273186
259,179,0.50254774
259,240,0.52270454
259,257,0.56082046
259,282,0.528532
259,300,0.5483879
259,305,0.60006815
259,320,0.51117253
259,367,0.6004267
259,420,0.54718834
259,433,0.50377256
259,451,0.6082447
259,477,0.5235828
259,482,0.5761194
259,577,0.5065041
259,27529,0.5198545
259,27560,0.5084786
259,27562,0.5399846
259,27600,0.52070045
259,27647,0.5379967
259,27691,0.5096332
259,27701,0.51263344
259,27743,0.51574355
259,27756,0.50560606
259,27770,0.5283314
259,27789,0.5015168
259,27838,0.5318084
259,27867,0.5411991
259,27891,0.50676215
259,27901,0.5407259
259,27918,0.5125322
259,27944,0.5777666
259,27976,0.5208459
259,27991,0.57022077
259,28016,0.52868754
259,28037,0.53152484
259,28038,0.51840633
259,28044,0.52649915
259,35600,0.5399846
259,35634,0.51353824
259,35765,0.5512218
259,36411,0.53458047
259,36512,0.5398413
259,41612,0.5092762
259,43839,0.5602074
259,44383,0.5192519
260,27709,0.99132556
269,453,0.5499131
273,27434,0.50565314
273,27756,0.5022706
273,27915,0.51481813
275,27724,0.90908444
278,527,0.55881596
282,259,0.528532
282,305,0.54005915
282,27901,0.5488228
282,43839,0.539419
288,527,0.5260798
289,27741,0.9391229
297,475,0.5699436
299,108,0.50878453
299,572,0.7707536
299,11050,0.5050192
299,11053,0.7021716
299,11136,0.7707536
299,14081,0.66906005
299,16809,0.61446536
299,23682,0.60008484
299,24534,0.53086996
299,24699,0.58645946
299,29222,0.7707536
299,31778,0.7707536
299,41708,0.66906005
299,42276,0.7707536
299,44260,0.65052664
300,259,0.5483879
300,540,0.5089358
300,27524,0.5222984
300,27610,0.51273996
300,27770,0.5049571
300,27901,0.5262333
300,28044,0.5399214
302,27750,0.89010954
305,37,0.5331706
305,185,0.5619859
305,240,0.5055172
305,259,0.60006815
305,282,0.54005915
305,325,0.5336263
305,420,0.5292636
305,447,0.504847
305,451,0.526252
305,477,0.5054822
305,27528,0.52492094
305,27610,0.53848904
305,27776,0.5336263
305,27838,0.55677813
305,27901,0.51175964
305,27939,0.5031576
305,27944,0.5495626
311,27617,0.5341037
311,27758,0.51126915
311,28096,0.5206856
315,25669,0.5238889
315,42362,0.7605652
320,259,0.51117253
320,27768,0.96044654
320,27976,0.5016748
323,94,0.51940316
323,362,0.51972365
323,447,0.5485287
323,454,0.51612973
323,583,0.613845
323,27528,0.52646863
323,27617,0.5641864
323,27717,0.5224735
323,27908,0.507676
323,27939,0.5399455
323,28096,0.6038884
325,94,0.50304717
325,305,0.5336263
325,434,0.5021742
325,447,0.5657008
325,453,0.5661782
325,477,0.5099596
325,583,0.5333741
325,27528,0.5628428
325,27617,0.5423575
325,27776,1.0
325,27939,0.533141
325,28096,0.5536748
333,27790,0.8540525
335,27792,0.8740647
336,27734,0.50609976
336,27794,0.64250004
340,99,0.6367636
340,385,0.5096805
340,27739,0.5475713
340,46518,0.5262241
350,27816,0.83948416
352,27817,0.79434353
362,323,0.51972365
362,447,0.5372081
362,583,0.5378688
362,27939,0.5404105
362,28096,0.5061263
367,259,0.6004267
367,27524,0.53407645
367,27691,0.5331008
367,27901,0.5165834
367,27991,0.5124178
367,35765,0.50190943
367,43839,0.5274061
368,44055,1.0
369,27830,0.76039624
370,13596,0.5385426
374,27841,0.7907186
375,27842,0.5546557
382,27524,0.51045215
382,43839,0.5588826
385,340,0.5096805
385,27362,0.5161963
385,27401,0.5691162
385,27739,0.50717986
395,1334,0.5388088
395,21029,0.54674566
396,179,0.5056209
396,27863,0.5088861
400,92,0.50787795
400,186,0.51333773
400,453,0.57106715
402,27873,1.0
405,18362,0.5907887
405,20218,0.56922156
407,3,0.5138317
407,4,0.5746828
407,74,0.503479
407,475,0.5430293
407,27436,0.51189417
407,27464,0.65560883
407,27524,0.8056195
407,27610,0.52909595
407,27684,0.511804
407,27691,0.55282
407,27713,0.5931504
407,27743,0.52146196
407,27748,0.5216237
407,27860,0.54199034
407,27901,0.6598774
407,27945,0.5787485
407,35765,0.5019833
407,43839,0.5555685
420,259,0.54718834
420,305,0.5292636
420,27524,0.50794077
421,13968,0.54671395
421,14076,0.6590396
426,454,0.50144523
426,583,0.51313597
426,27908,0.96115696
426,27939,0.5188915
433,259,0.50377256
433,27901,0.55034924
434,325,0.5021742
434,453,0.5188458
434,583,0.5062793
434,27776,0.5021742
434,28096,0.55083495
436,9856,0.50262773
437,27464,0.56177354
437,27715,0.51049584
440,149,0.66473997
440,27515,0.50307715
447,94,0.5294492
447,235,0.53142774
447,305,0.504847
447,323,0.5485287
447,325,0.5657008
447,362,0.5372081
447,583,0.6195338
447,27528,0.55501986
447,27553,0.50499547
447,27617,0.52603227
447,27717,0.5477569
447,27776,0.5657008
447,27939,0.5572618
447,28096,0.62060195
448,27928,0.93378615
448,27939,0.50151587
451,140,0.5452884
451,257,0.50037086
451,259,0.6082447
451,305,0.526252
451,477,0.51375735
451,482,0.5208739
451,27901,0.5091432
451,28044,0.5079317
453,185,0.5352867
453,186,0.5348268
453,269,0.5499131
453,325,0.5661782
453,400,0.57106715
453,434,0.5188458
453,455,0.5128156
453,477,0.57274824
453,27528,0.541932
453,27617,0.58406717
453,27776,0.5661782
453,28070,0.50599146
453,28096,0.5629043
454,323,0.51612973
454,426,0.50144523
454,583,0.5666675
454,27717,0.5002639
454,27908,0.50813085
454,27939,0.52198285
454,28043,0.50616413
454,28096,0.5071126
455,453,0.5128156
459,143,0.5235412
459,27411,0.5009111
459,27464,0.5091692
459,27524,0.50388515
459,27901,0.5262577
459,27945,0.65021235
459,43683,0.5216359
461,1074,0.51990896
461,1855,0.6023213
461,8173,0.54563963
461,9866,0.50275874
461,10169,0.61468637
461,11114,1.0
461,12069,0.5197309
461,13684,0.5013609
461,20358,0.6109742
461,22477,0.53383845
461,24280,0.57573193
461,25786,0.66542894
461,26269,0.65942997
461,27240,0.61468637
461,29231,0.61468637
461,32906,0.61468637
461,33070,0.66542894
461,33084,0.54411757
461,34305,0.66542894
461,39672,0.61468637
461,40542,0.5879271
461,44528,0.65610075
469,14076,0.5448627
471,27959,0.92763215
475,4,0.5025143
475,297,0.5699436
475,407,0.5430293
475,27436,0.5365625
475,27524,0.6045553
475,27560,0.5055957
475,27610,0.51787186
475,27691,0.5423616
475,27713,0.51573896
475,27743,0.5341235
475,27838,0.50556725
475,27901,0.51062864
475,27955,0.56309223
475,28037,0.5063351
475,43839,0.558563
477,259,0.5235828
477,305,0.5054822
477,325,0.5099596
477,451,0.51375735
477,453,0.57274824
477,27776,0.5099596
480,10036,0.5017447
482,257,0.50273186
482,259,0.5761194
482,451,0.5208739
482,27529,0.5255431
482,27770,0.5126642
482,27976,0.57329303
482,27991,0.5395613
482,36411,0.53779596
491,27990,0.6112906
504,34053,0.57085246
507,179,0.52024657
507,27915,0.5508164
507,28003,0.99915415
507,34519,0.50797343
507,36938,0.537543
526,13596,0.5143769
527,278,0.55881596
527,288,0.5260798
527,27554,0.52950764
527,27704,0.5192806
540,300,0.5089358
540,28044,0.90534943
548,28037,0.50222117
557,27371,0.5655247
560,19860,0.5052547
560,25949,0.5161403
561,28072,0.97939277
565,179,0.5160769
565,28079,0.98574746
567,34442,0.51038456
569,28083,0.92171305
572,108,0.66011316
572,299,0.7707536
572,2714,0.5519831
572,4870,0.59861904
572,6617,0.5629212
572,9815,0.5246341
572,11050,0.6552278
572,11053,0.54120135
572,11105,0.64499664
572,11136,1.0
572,14081,0.8680595
572,16809,0.7972267
572,19173,0.5051452
572,19840,0.5041744
572,19847,0.521229
572,20332,0.6242105
572,20707,0.5237089
572,23682,0.76283884
572,24534,0.68876743
572,24699,0.7608909
572,24767,0.50914836
572,25440,0.5045582
572,25529,0.5150536
572,25669,0.5864776
572,27483,0.5013902
572,29222,1.0
572,31778,1.0
572,32585,0.54740024
572,32751,0.64499664
572,33389,0.5306405
572,41708,0.8680595
572,42276,1.0
572,44260,0.7716832
572,45465,0.5409556
577,259,0.5065041
577,28037,0.51475453
582,4017,0.58521944
582,9050,0.67803097
582,9760,0.50274545
582,10169,0.63499033
582,10231,0.7737387
582,10449,0.6380039
582,10467,0.9917083
582,10497,0.6380039
582,13692,0.6380039
582,14060,0.67631555
582,15196,0.99999994
582,16824,0.99999994
582,16985,0.67803097
582,19871,0.5233194
582,19884,0.99999994
582,19889,0.67803097
582,20358,0.5015221
582,20388,0.6380039
582,25586,0.9917083
582,25912,0.5233194
582,26623,0.6380039
582,27240,0.63499033
582,29231,0.63499033
582,32470,0.5177173
582,32906,0.63499033
582,33634,0.63655895
582,33672,0.6380039
582,35371,0.5072239
582,35949,0.5233194
582,39672,0.63499033
582,44014,0.7737387
582,44457,0.6380039
582,45486,0.5030215
583,94,0.50361353
583,133,0.52838206
583,323,0.613845
583,325,0.5333741
583,362,0.5378688
583,426,0.51313597
583,434,0.5062793
583,447,0.6195338
583,454,0.5666675
583,27477,0.53964716
583,27487,0.51676214
583,27528,0.66021484
583,27553,0.55761683
583,27617,0.53777266
583,27642,0.52368605
583,27705,0.50529003
583,27717,0.6265234
583,27745,0.55232346
583,27776,0.5333741
583,27839,0.55472165
583,27870,0.5115158
583,27897,0.5733478
583,27908,0.5617627
583,27929,0.53976184
583,27939,0.5874214
583,27977,0.5210775
583,28025,0.59265935
583,28031,0.5286695
583,28043,0.5960532
583,28096,0.895586
584,36418,0.53441954
593,166,0.5395704
593,5084,0.5329546
593,11097,0.5497925
593,12159,0.50097996
593,20374,0.5134701
593,24479,0.56205094
593,29570,0.5941926
593,29716,0.5159914
593,29724,0.58969504
593,32458,0.5134701
593,32700,0.5134701
593,34189,0.5134701
600,4882,0.69592357
600,7884,0.5175929
600,13670,0.5378368
600,20233,0.5489218
600,20247,0.6879912
600,20350,0.5239767
600,20672,0.51798445
600,20707,0.52219784
600,20760,0.6184431
600,21175,0.53419816
600,24534,0.5351989
600,26369,0.64009637
600,38010,0.6296596
600,44312,0.6285032
600,44502,0.51655555
600,45465,0.7686251
612,701,0.5152043
612,774,0.50233966
613,1074,0.5687981
613,1855,0.6995567
613,8173,0.73609924
613,13680,0.5458324
613,21259,0.51026
613,22477,0.53836346
613,24280,0.6686747
613,25104,0.5137249
613,25786,0.7218354
613,26592,0.5388262
613,33070,0.7218354
613,33084,0.6319568
613,34305,0.7218354
613,43921,0.5459497
613,45191,0.53053856
619,19173,0.60887074
619,24737,0.515831
619,29076,0.5073712
619,29569,0.6382445
619,32986,0.56149125
619,44312,0.5124634
620,3033,0.5354521
620,3303,0.6582681
620,3482,0.59617054
620,4062,1.0
620,4882,0.58209825
620,5092,0.5560074
620,8318,0.62349874
620,9200,1.0
620,9810,0.51947516
620,9815,0.5226199
620,10968,0.7839078
620,11161,0.512448
620,13705,0.5136688
620,13716,0.72934234
620,14131,0.6104807
620,15038,0.61679035
620,17544,0.5225919
620,20400,0.5136688
620,20445,0.5136688
620,20858,0.5699835
620,22364,0.7839078
620,22460,0.69978756
620,22901,0.6497186
620,24511,0.554114
620,24683,1.0
620,24753,0.55724597
620,25896,0.5245846
620,26166,0.78499275
620,26308,0.5136688
620,26701,0.6324871
620,29182,0.72934234
620,29224,1.0
620,29900,0.50455314
620,30106,1.0
620,31549,1.0
620,32520,0.78499275
620,32550,0.592925
620,32634,0.78499275
620,32883,0.78499275
620,32948,0.78499275
620,33775,0.6455362
620,35425,0.80260396
620,36767,0.50087595
620,39383,0.66585124
620,41787,0.6582681
620,42449,0.5008573
620,43042,0.59309775
663,1104,0.59951854
663,3433,0.56465244
663,8135,0.6789462
663,14593,0.6492776
663,15884,0.592805
663,16295,0.6348808
663,18489,0.5268109
663,19691,0.5562453
663,20015,0.6457568
663,20093,0.6421447
663,21302,0.6435249
663,21404,0.6070669
663,23005,0.5165144
663,23703,0.5496497
663,24382,0.61961997
663,24572,0.6892151
663,27354,0.6514915
663,30999,0.6832238
663,32965,0.61384463
663,34016,0.64539355
663,37497,0.5938413
663,38953,0.5306311
663,40361,0.5201478
663,44966,0.6672827
667,1511,0.5089468
667,15211,0.53260857
689,3303,0.500808
689,22434,0.51094395
689,24983,0.5369942
689,40027,0.5647684
689,41787,0.500808
701,612,0.5152043
710,11140,0.56765336
710,29178,0.5121452
774,612,0.50233966
774,803,0.5099601
784,7793,0.5150585
784,30979,0.5211268
784,32354,0.50495076
784,36022,0.5074809
803,774,0.5099601
803,851,0.52149963
806,1333,0.525073
806,2750,0.50283635
806,29102,0.51750827
806,31870,0.50905144
827,3040,0.5111243
827,18850,0.51683754
827,23160,0.5294443
844,4015,0.5047565
851,803,0.52149963
859,32432,0.5327449
885,29162,0.59857994
888,7459,0.5844502
888,9967,0.5663266
888,13613,0.51474273
888,15266,0.965878
888,29764,0.5102362
888,32506,0.8521768
888,32707,0.554627
888,33529,0.59463525
888,34086,0.6045913
888,36767,0.57534236
888,44195,1.0
897,1855,0.5431514
897,24280,0.5242147
897,25786,0.55897033
897,33070,0.55897033
897,34305,0.55897033
905,15825,0.5039617
926,9618,0.5212748
926,10968,0.5185767
926,22364,0.5185767
926,22460,0.53556496
949,16174,0.5083996
956,1298,0.5125954
956,6508,0.55740064
956,9236,0.5121462
956,16803,0.50739634
956,23788,0.5309675
971,24632,0.6979179
971,28620,0.5913535
971,32687,0.5301231
971,32905,0.76482534
971,34112,0.76482534
978,9232,0.50085455
998,1032,0.5086729
998,1092,0.5550572
998,1101,0.549258
998,1126,0.55864686
998,1132,0.5190567
998,1161,0.50211424
998,1262,0.6156844
998,1301,0.5156378
998,1310,0.564727
998,1311,0.5167613
998,1329,0.5315247
998,1366,0.5879494
998,1389,0.5132208
998,1422,0.5230137
998,1423,0.5408279
998,1427,0.5188937
998,1431,0.5329959
998,1435,0.6237526
998,1445,0.51492596
998,1457,0.59353167
998,1475,0.57005584
998,12726,0.50921714
1005,1009,0.54673153
1005,1032,0.533516
1005,1038,0.6140119
1005,1041,0.5319942
1005,1048,0.6813041
1005,1083,0.56103253
1005,1109,0.56202424
1005,1126,0.50409204
1005,1149,0.59426403
1005,1161,0.5459176
1005,1190,0.58873475
1005,1225,0.57280284
1005,1263,0.5429458
1005,1329,0.6764893
1005,1366,0.5599721
1005,1407,0.52072006
1005,1420,0.51069987
1005,1435,0.61179876
1005,1445,0.6303773
1005,1451,0.50264645
1005,1539,0.55336404
1005,12341,0.76085806
1005,12726,0.5699344
1005,13170,0.6736807
1005,41531,0.68938327
1005,41967,0.5813066
1005,42424,0.548387
1005,43728,0.56933784
1005,44963,0.5409186
1005,45519,0.5581765
1008,1032,0.6267747
1008,1189,0.5189474
1009,1005,0.54673153
1014,20341,0.58730674
1014,33998,0.52715266
1014,38477,0.6970781
1014,39761,0.5663911
1021,1426,0.99999994
1030,13814,0.5815907
1032,998,0.5086729
1032,1005,0.533516
1032,1008,0.6267747
1032,1126,0.51020026
1032,1189,0.51183337
1032,1366,0.5121065
1032,1435,0.5553965
1032,1457,0.526962
1036,1333,0.5204667
1036,2750,0.5507347
1036,14887,0.50388896
1036,16803,0.5102201
1036,24429,0.50968176
1038,1005,0.6140119
1038,1048,0.512012
1038,1149,0.5668187
1038,1271,0.5183111
1038,1329,0.5703261
1038,1366,0.51790524
1038,1435,0.60124886
1038,12341,0.5235009
1038,41531,0.55118567
1041,1005,0.5319942
1044,1083,0.55981344
1044,1383,0.57016695
1044,1396,0.5436453
1044,1431,0.5405028
1044,1457,0.5188976
1048,1005,0.6813041
1048,1038,0.512012
1048,1083,0.5361531
1048,1149,0.57573247
1048,1165,0.5392318
1048,1225,0.5380495
1048,1227,0.5753865
1048,1263,0.5596342
1048,1310,0.5117521
1048,1329,0.5598323
1048,1366,0.56322134
1048,1407,0.5061912
1048,1435,0.57287145
1048,1445,0.52636343
1048,1457,0.5021915
1048,1475,0.52016854
1048,1539,0.5131155
1048,12341,0.54761004
1048,12726,0.50423133
1048,13170,0.5254564
1048,41531,0.543415
1049,1435,0.5119433
1074,461,0.51990896
1074,613,0.5687981
1074,1855,0.7072161
1074,8116,0.51447916
1074,8173,0.64066327
1074,11114,0.51990896
1074,12027,0.52151877
1074,20437,0.51447916
1074,20728,0.5140233
1074,21259,0.74274486
1074,22477,0.56283456
1074,24280,0.675996
1074,25104,0.5325174
1074,25786,0.78131396
1074,26274,0.51447916
1074,26592,0.54472584
1074,33070,0.78131396
1074,33084,0.638876
1074,34305,0.78131396
1074,37778,0.5549221
1074,45191,0.53025365
1080,1259,0.51021284
1080,1383,0.5014289
1082,1165,0.5071886
1082,1310,0.53314877
1083,1005,0.56103253
1083,1044,0.55981344
1083,1048,0.5361531
1083,1149,0.522744
1083,1156,0.52070075
1083,1165,0.52667683
1083,1227,0.50993186
1083,1310,0.5161205
1083,1329,0.5493277
1083,1366,0.5285768
1083,1383,0.5165214
1083,1393,0.5446323
1083,1396,0.50460315
1083,1423,0.5044527
1083,1431,0.52432925
1083,1435,0.52720565
1083,1457,0.51190597
1083,13170,0.5144941
1091,23,0.6419436
1091,40,0.5946699
1091,51,0.6175196
1091,2408,0.55534935
1091,3756,0.6928121
1091,3833,0.5664539
1091,4102,0.6542429
1091,5712,0.55467767
1091,7476,0.5021716
1091,7574,0.5394514
1091,9235,0.5637117
1091,9397,0.57359755
1091,12137,0.65028775
1091,12485,0.6056877
1091,13203,0.5623144
1091,13524,0.50796187
1091,13683,0.62181824
1091,13701,0.63982
1091,13703,0.62885094
1091,14080,0.6066153
1091,14280,0.57438844
1091,14751,0.5062112
1091,14986,0.5836289
1091,15227,0.67255104
1091,19400,0.50464267
1091,20297,0.64354354
1091,21117,0.65220416
1091,22049,0.66098917
1091,22597,0.6529552
1091,23095,0.65073067
1091,23141,0.6548148
1091,24785,0.56426764
1091,25026,0.5442166
1091,25070,0.5530618
1091,26306,0.52173156
1091,32521,0.5013285
1091,32746,0.65001297
1091,36131,0.5602177
1091,36778,0.5239468
1091,38008,0.60602176
1091,40667,0.5091118
1091,43205,0.6038835
1091,44806,0.5322109
1091,46161,0.6567735
1091,46192,0.5405686
1092,998,0.5550572
1092,1132,0.5139184
1092,1310,0.55465245
1092,1431,0.5108923
1092,1435,0.5038229
1092,1457,0.50542843
1092,1475,0.5226324
1096,1369,0.50267667
1098,1194,0.51459783
1101,998,0.549258
1101,1149,0.50316954
1101,1165,0.50351787
1101,1310,0.5855894
1101,1423,0.5354357
1101,1431,0.5336744
1101,1435,0.54419804
1101,1457,0.52926356
1103,1435,0.5003788
1104,663,0.59951854
1104,2559,0.6536766
1104,3433,0.6527457
1104,5671,0.5127128
1104,7036,0.5328889
1104,8135,0.85555136
1104,8445,0.5017819
1104,8523,0.52426076
1104,13655,0.57313216
1104,14593,0.80564296
1104,15884,0.68627733
1104,16295,0.7583655
1104,17926,0.57318485
1104,18489,0.6141107
1104,19691,0.7436595
1104,20015,0.7650873
1104,20093,0.74636495
1104,21302,0.78301096
1104,21404,0.63802636
1104,21696,0.546121
1104,21993,0.5319565
1104,23005,0.6110957
1104,23384,0.5294617
1104,23703,0.6050802
1104,24367,0.51277554
1104,24382,0.7501488
1104,24572,0.8460392
1104,27354,0.7909094
1104,27537,0.69284993
1104,30999,0.8542837
1104,31320,0.50290495
1104,32471,0.8109883
1104,32600,0.5028095
1104,32965,0.70701176
1104,34016,0.7757876
1104,34072,0.5111623
1104,34648,0.5009861
1104,37497,0.62553304
1104,38953,0.6163646
1104,40361,0.5711407
1104,42947,0.67254376
1104,43586,0.50769514
1104,44966,0.8350196
1109,1005,0.56202424
1117,1334,0.620665
1117,21029,0.55801845
1117,27370,0.5137471
1118,2798,0.7156171
1118,22059,0.57657135
1126,998,0.55864686
1126,1005,0.50409204
1126,1032,0.51020026
1126,1329,0.5106387
1126,1366,0.5637167
1126,1435,0.6072866
1126,1445,0.5287117
1126,1475,0.5514547
1126,12726,0.501623
1127,1423,0.5706546
1131,39475,0.78297246
1132,998,0.5190567
1132,1092,0.5139184
1132,1310,0.53100866
1132,1366,0.5215866
1136,1435,0.5222764
1141,20622,0.5449502
1141,24545,0.5650096
1141,36564,0.56773454
1149,1005,0.59426403
1149,1038,0.5668187
1149,1048,0.57573247
1149,1083,0.522744
1149,1101,0.50316954
1149,1159,0.52181226
1149,1165,0.5654365
1149,1225,0.530055
1149,1227,0.56874824
1149,1230,0.5245724
1149,1263,0.50605464
1149,1271,0.53429854
1149,1310,0.5390482
1149,1329,0.5466188
1149,1358,0.5047664
1149,1366,0.5569915
1149,1415,0.50449926
1149,1420,0.5209279
1149,1431,0.5083245
1149,1435,0.58213997
1149,1457,0.5350503
1149,12726,0.515627
1149,41531,0.53097266
1151,2750,0.5012745
1156,1083,0.52070075
1157,1435,0.5029552
1159,1149,0.52181226
1159,1435,0.511015
1161,998,0.50211424
1161,1005,0.5459176
1161,1271,0.5337876
1161,1329,0.53846383
1161,1366,0.5242681
1161,1435,0.5430503
1161,12341,0.51655686
1164,14076,0.5637233
1165,1048,0.5392318
1165,1082,0.5071886
1165,1083,0.52667683
1165,1101,0.50351787
1165,1149,0.5654365
1165,1182,0.5601729
1165,1202,0.5038623
1165,1211,0.540447
1165,1227,0.5448385
1165,1230,0.5139455
1165,1247,0.539298
1165,1254,0.5853337
1165,1262,0.50124
1165,1263,0.5089669
1165,1265,0.51881707
1165,1271,0.52084625
1165,1310,0.6274139
1165,1311,0.51494914
1165,1358,0.5992495
1165,1366,0.5185769
1165,1383,0.5006341
1165,1393,0.5361258
1165,1415,0.5501461
1165,1423,0.51696986
1165,1431,0.5476384
1165,1435,0.5402615
1165,1457,0.56242335
1168,1423,0.539957
1177,1310,0.5239768
1177,1475,0.5064041
1178,1355,0.5079465
1178,1468,0.50542104
1178,5898,0.50542104
1178,36621,0.549856
1179,1332,0.5066288
1179,1364,0.5050809
1182,1165,0.5601729
1182,1183,0.58705914
1182,1310,0.51489896
1183,1182,0.58705914
1189,1008,0.5189474
1189,1032,0.51183337
1189,1457,0.5316362
1190,1005,0.58873475
1194,1098,0.51459783
1194,1435,0.5124493
1194,1462,0.51307225
1196,1383,0.50210756
1196,1435,0.5107711
1200,1357,0.5015085
1202,1165,0.5038623
1202,1230,0.5132016
1202,1310,0.5000199
1202,1435,0.51887715
1211,1165,0.540447
1221,3133,0.5021562
1221,8352,0.5045829
1221,23310,0.50756794
1221,36112,0.5082472
1221,40032,0.5232389
1221,40132,0.50731975
1225,1005,0.57280284
1225,1048,0.5380495
1225,1149,0.530055
1225,1310,0.5085546
1225,1435,0.52778554
1226,1435,0.5000793
1227,1048,0.5753865
1227,1083,0.50993186
1227,1149,0.56874824
1227,1165,0.5448385
1227,1263,0.5246667
1227,1310,0.520025
1227,1366,0.5100525
1227,1393,0.5352086
1227,1415,0.50078446
1227,1435,0.5315256
1227,1457,0.52879894
1230,1149,0.5245724
1230,1165,0.5139455
1230,1202,0.5132016
1230,1310,0.5001031
1230,1435,0.5074793
1236,41025,0.5329492
1247,1165,0.539298
1247,1393,0.5620043
1247,1415,0.5814941
1254,1165,0.5853337
1259,1080,0.51021284
1262,998,0.6156844
1262,1165,0.50124
1262,1308,0.5028932
1262,1310,0.5540897
1262,1329,0.50409406
1262,1366,0.55577284
1262,1435,0.5727319
1262,1457,0.52663
1262,1475,0.54394335
1263,1005,0.5429458
1263,1048,0.5596342
1263,1149,0.50605464
1263,1165,0.5089669
1263,1227,0.5246667
1263,1310,0.54940146
1263,1329,0.5281066
1263,1366,0.53155607
1263,1435,0.5420663
1263,1457,0.5324719
1265,1165,0.51881707
1267,1293,0.52124196
1271,1038,0.5183111
1271,1149,0.53429854
1271,1161,0.5337876
1271,1165,0.52084625
1271,1310,0.5140788
1271,1366,0.51083106
1271,1435,0.5402201
1280,1364,0.52491385
1293,1267,0.52124196
1296,1333,0.5077211
1298,956,0.5125954
1301,998,0.5156378
1308,1262,0.5028932
1308,1310,0.54632497
1308,1435,0.50575024
1308,1457,0.51032066
1308,1475,0.5022408
1310,998,0.564727
1310,1048,0.5117521
1310,1082,0.53314877
1310,1083,0.5161205
1310,1092,0.55465245
1310,1101,0.5855894
1310,1132,0.53100866
1310,1149,0.5390482
1310,1165,0.6274139
1310,1177,0.5239768
1310,1182,0.51489896
1310,1202,0.5000199
1310,1225,0.5085546
1310,1227,0.520025
1310,1230,0.5001031
1310,1262,0.5540897
1310,1263,0.54940146
1310,1271,0.5140788
1310,1308,0.54632497
1310,1311,0.57454866
1310,1349,0.5047518
1310,1358,0.5505178
1310,1366,0.57487214
1310,1415,0.50210035
1310,1423,0.5717716
1310,1431,0.5822528
1310,1435,0.5631246
1310,1457,0.6080138
1310,1475,0.54741776
1311,998,0.5167613
1311,1165,0.51494914
1311,1310,0.57454866
1311,1435,0.52311474
1311,1457,0.5143667
1329,998,0.5315247
1329,1005,0.6764893
1329,1038,0.5703261
1329,1048,0.5598323
1329,1083,0.5493277
1329,1126,0.5106387
1329,1149,0.5466188
1329,1161,0.53846383
1329,1262,0.50409406
1329,1263,0.5281066
1329,1362,0.50779253
1329,1366,0.5983933
1329,1420,0.5390601
1329,1435,0.63499504
1329,1445,0.5898023
1329,1539,0.50146633
1329,12341,0.5760613
1329,12726,0.5291394
1329,13170,0.5433577
1329,42424,0.50968724
1329,45519,0.5229486
1332,1179,0.5066288
1333,806,0.525073
1333,1036,0.5204667
1333,1296,0.5077211
1333,1357,0.52317923
1333,1369,0.513226
1333,1389,0.52150786
1333,1951,0.5059344
1333,2067,0.52963924
1333,2182,0.53384507
1333,2750,0.58635354
1333,2858,0.5160439
1333,3647,0.5256513
1333,4859,0.5032691
1333,5394,0.518257
1333,6409,0.5110952
1333,8964,0.5358384
1333,9236,0.56810343
1333,9581,0.5153736
1333,11039,0.50614065
1333,11346,0.5005177
1333,11475,0.56009656
1333,11628,0.5053908
1333,11672,0.5251193
1333,12969,0.5634769
1333,13261,0.5014061
1333,13514,0.5258474
1333,13985,0.54256046
1333,14247,0.5461236
1333,14356,0.5778477
1333,14887,0.5440897
1333,15710,0.53784645
1333,15846,0.5218213
1333,15867,0.50697863
1333,16174,0.53846174
1333,16461,0.54379743
1333,16469,0.502369
1333,16566,0.5433599
1333,16803,0.5160649
1333,17150,0.5044793
1333,18568,0.53278446
1333,18752,0.5066498
1333,18764,0.5311042
1333,18927,0.5186483
1333,19325,0.51771843
1333,21220,0.5524441
1333,22259,0.5101703
1333,22613,0.5134617
1333,22777,0.52566814
1333,22847,0.52547646
1333,24115,0.51255524
1333,24323,0.5049598
1333,24429,0.570165
1333,25200,0.51330566
1333,25345,0.5412649
1333,25723,0.53976065
1333,25960,0.57651687
1333,26473,0.5011033
1333,26520,0.5121123
1333,29102,0.52046645
1333,29115,0.516615
1333,30342,0.5043448
1333,30815,0.5016424
1333,30979,0.5262019
1333,31870,0.52415454
1333,32225,0.5110028
1333,32354,0.5009457
1333,34870,0.51171434
1333,35554,0.53294045
1333,35694,0.5316816
1333,35716,0.51151973
1333,36022,0.5196285
1333,36152,0.5344743
1333,37101,0.5457191
1333,37103,0.5177527
1333,37878,0.53809553
1333,38088,0.50531423
1333,39586,0.5069075
1333,40357,0.54806185
1333,41170,0.5048188
1333,41178,0.50356394
1333,43664,0.52843326
1333,44179,0.5732159
1333,44664,0.52354693
1333,45573,0.5211351
1333,45878,0.5431597
1333,46160,0.50879276
1333,46233,0.51804346
1333,46237,0.5287897
1334,8,0.5705791
1334,12,0.7090897
1334,31,0.54877764
1334,33,0.5676416
1334,45,0.54319525
1334,214,0.6675237
1334,395,0.5388088
1334,1117,0.620665
1334,20200,0.72209775
1334,20594,0.72209775
1334,20888,0.52624977
1334,21029,0.88507825
1334,21062,0.51781523
1334,21128,0.57555896
1334,27370,0.8277365
1334,27761,0.54896486
1334,27833,0.59269845
1334,27970,0.57814175
1334,28039,0.70714426
1334,28077,0.547122
1349,1310,0.5047518
1349,1423,0.50419986
1353,1355,0.5391539
1353,14887,0.5123141
1355,1178,0.5079465
1355,1353,0.5391539
1355,1468,0.65195066
1355,5898,0.65195066
1355,6292,0.50824237
1355,14853,0.50054175
1355,14856,0.5287827
1355,14875,0.5125866
1355,24530,0.5852678
1355,29093,0.56894267
1355,35891,0.54366225
1355,36621,0.5557128
1355,36738,0.51246023
1355,43092,0.61137104
1357,1200,0.5015085
1357,1333,0.52317923
1358,1149,0.5047664
1358,1165,0.5992495
1358,1310,0.5505178
1358,1366,0.5019224
1358,1435,0.5092273
1358,1457,0.5074958
1362,1329,0.50779253
1362,1420,0.5027925
1362,1435,0.5264958
1364,1179,0.5050809
1364,1280,0.52491385
1366,998,0.5879494
1366,1005,0.5599721
1366,1032,0.5121065
1366,1038,0.51790524
1366,1048,0.56322134
1366,1083,0.5285768
1366,1126,0.5637167
1366,1132,0.5215866
1366,1149,0.5569915
1366,1161,0.5242681
1366,1165,0.5185769
1366,1227,0.5100525
1366,1262,0.55577284
1366,1263,0.53155607
1366,1271,0.51083106
1366,1310,0.57487214
1366,1329,0.5983933
1366,1358,0.5019224
1366,1389,0.5303928
1366,1407,0.52388746
1366,1420,0.5168736
1366,1423,0.5245499
1366,1431,0.5100248
1366,1435,0.63202494
1366,1445,0.52626574
1366,1451,0.5143339
1366,1457,0.5659879
1366,1475,0.56818104
1366,12726,0.53482485
1366,40483,0.50237554
1369,1096,0.50267667
1369,1333,0.513226
1369,5394,0.5036809
1369,22847,0.5071095
1369,44179,0.50694436
1371,1435,0.503338
1375,25628,0.6164845
1375,32725,0.55921674
1383,1044,0.57016695
1383,1080,0.5014289
1383,1083,0.5165214
1383,1165,0.5006341
1383,1196,0.50210756
1383,1396,0.5486762
1383,1431,0.5144028
1383,1457,0.51230425
1384,1389,0.5514008
1389,998,0.5132208
1389,1333,0.52150786
1389,1366,0.5303928
1389,1384,0.5514008
1389,1427,0.51861537
1389,1435,0.53011507
1389,1440,0.50046724
1389,1475,0.52898633
1393,1083,0.5446323
1393,1165,0.5361258
1393,1227,0.5352086
1393,1247,0.5620043
1393,1415,0.5465932
1393,1457,0.50494665
1394,1475,0.5229244
1396,1044,0.5436453
1396,1083,0.50460315
1396,1383,0.5486762
1407,1005,0.52072006
1407,1048,0.5061912
1407,1366,0.52388746
1407,1435,0.55417275
1407,12726,0.5075537
1410,19140,0.6726176
1410,29570,0.51781493
1415,1149,0.50449926
1415,1165,0.5501461
1415,1227,0.50078446
1415,1247,0.5814941
1415,1310,0.50210035
1415,1393,0.5465932
1418,1435,0.5132164
1420,1005,0.51069987
1420,1149,0.5209279
1420,1329,0.5390601
1420,1362,0.5027925
1420,1366,0.5168736
1420,1422,0.545739
1420,1435,0.567565
1420,1445,0.52585196
1422,998,0.5230137
1422,1420,0.545739
1423,998,0.5408279
1423,1083,0.5044527
1423,1101,0.5354357
1423,1127,0.5706546
1423,1165,0.51696986
1423,1168,0.539957
1423,1310,0.5717716
1423,1349,0.50419986
1423,1366,0.5245499
1423,1431,0.5296575
1423,1435,0.5636263
1423,1457,0.5614703
1426,1021,0.99999994
1427,998,0.5188937
1427,1389,0.51861537
1427,1435,0.534779
1427,1475,0.51589584
1431,998,0.5329959
1431,1044,0.5405028
1431,1083,0.52432925
1431,1092,0.5108923
1431,1101,0.5336744
1431,1149,0.5083245
1431,1165,0.5476384
1431,1310,0.5822528
1431,1366,0.5100248
1431,1383,0.5144028
1431,1423,0.5296575
1431,1435,0.5086377
1431,1457,0.56814045
1435,998,0.6237526
1435,1005,0.61179876
1435,1032,0.5553965
1435,1038,0.60124886
1435,1048,0.57287145
1435,1049,0.5119433
1435,1083,0.52720565
1435,1092,0.5038229
1435,1101,0.54419804
1435,1103,0.5003788
1435,1126,0.6072866
1435,1136,0.5222764
1435,1149,0.58213997
1435,1157,0.5029552
1435,1159,0.511015
1435,1161,0.5430503
1435,1165,0.5402615
1435,1194,0.5124493
1435,1196,0.5107711
1435,1202,0.51887715
1435,1225,0.52778554
1435,1226,0.5000793
1435,1227,0.5315256
1435,1230,0.5074793
1435,1262,0.5727319
1435,1263,0.5420663
1435,1271,0.5402201
1435,1308,0.50575024
1435,1310,0.5631246
1435,1311,0.52311474
1435,1329,0.63499504
1435,1358,0.5092273
1435,1362,0.5264958
1435,1366,0.63202494
1435,1371,0.503338
1435,1389,0.53011507
1435,1407,0.55417275
1435,1418,0.5132164
1435,1420,0.567565
1435,1423,0.5636263
1435,1427,0.534779
1435,1431,0.5086377
1435,1445,0.5790652
1435,1451,0.5060163
1435,1457,0.56265587
1435,1458,0.50091606
1435,1475,0.57895887
1435,12341,0.51753175
1435,12726,0.59592605
1435,41531,0.5075033
1435,41790,0.5481348
1440,1389,0.50046724
1440,1448,0.50554156
1445,998,0.51492596
1445,1005,0.6303773
1445,1048,0.52636343
1445,1126,0.5287117
1445,1329,0.5898023
1445,1366,0.52626574
1445,1420,0.52585196
1445,1435,0.5790652
1445,12341,0.5042375
1448,1440,0.50554156
1448,7793,0.5012584
1451,1005,0.50264645
1451,1366,0.5143339
1451,1435,0.5060163
1456,7367,0.5066073
1456,18013,0.5283351
1457,998,0.59353167
1457,1032,0.526962
1457,1044,0.5188976
1457,1048,0.5021915
1457,1083,0.51190597
1457,1092,0.50542843
1457,1101,0.52926356
1457,1149,0.5350503
1457,1165,0.56242335
1457,1189,0.5316362
1457,1227,0.52879894
1457,1262,0.52663
1457,1263,0.5324719
1457,1308,0.51032066
1457,1310,0.6080138
1457,1311,0.5143667
1457,1358,0.5074958
1457,1366,0.5659879
1457,1383,0.51230425
1457,1393,0.50494665
1457,1423,0.5614703
1457,1431,0.56814045
1457,1435,0.56265587
1457,1475,0.526365
1457,40483,0.5339255
1458,1435,0.50091606
1462,1194,0.51307225
1468,1178,0.50542104
1468,1355,0.65195066
1468,5898,1.0
1468,6093,0.5066036
1468,6261,0.50517046
1468,6292,0.59171855
1468,10907,0.58899
1468,10928,0.52490133
1468,10929,0.619012
1468,13193,0.58367586
1468,14657,0.5242171
1468,14744,0.5708403
1468,14793,0.5686207
1468,14815,0.52380204
1468,14842,0.51324373
1468,14853,0.5793763
1468,14856,0.56714165
1468,14875,0.5606226
1468,14905,0.5256428
1468,14924,0.5293057
1468,14925,0.51351625
1468,14957,0.52033865
1468,14971,0.5597262
1468,15016,0.5488469
1468,15043,0.61344665
1468,15085,0.5039949
1468,15140,0.59497935
1468,16550,0.5717029
1468,24125,0.6404126
1468,24303,0.61175114
1468,24334,0.5380742
1468,24530,0.8480308
1468,29080,0.60687083
1468,29093,0.62553287
1468,29098,0.5032885
1468,35891,0.6091909
1468,36621,0.580121
1468,36738,0.6461225
1468,37890,0.52783966
1468,42022,0.53090465
1468,42409,0.52224636
1468,43092,0.8022454
1468,45756,0.54182905
1475,998,0.57005584
1475,1048,0.52016854
1475,1092,0.5226324
1475,1126,0.5514547
1475,1177,0.5064041
1475,1262,0.54394335
1475,1308,0.5022408
1475,1310,0.54741776
1475,1366,0.56818104
1475,1389,0.52898633
1475,1394,0.5229244
1475,1427,0.51589584
1475,1435,0.57895887
1475,1457,0.526365
1475,12726,0.51655877
1501,1710,0.7876208
1505,1697,0.7525609
1510,1654,0.51156914
1511,110,0.58215183
1511,667,0.5089468
1511,11829,0.61303383
1511,29191,0.53630763
1511,29372,0.6028091
1533,35594,0.5457173
1539,1005,0.55336404
1539,1048,0.5131155
1539,1329,0.50146633
1545,7365,0.57919586
1594,22182,0.58282286
1627,11129,0.52053326
1654,1510,0.51156914
1697,1505,0.7525609
1710,1501,0.7876208
1716,29372,0.5572567
1716,40027,0.5249286
1716,41703,0.50742835
1747,29683,0.5000756
1747,36022,0.5152482
1747,36383,0.523753
1747,38708,0.50023055
1747,40721,0.53959626
1747,42002,0.50278026
1756,8122,0.541654
1756,17859,0.54399794
