src,dst,cosine_sim
3,4,0.6265814
4,3,0.6265814
4,27524,0.60356414
12,1334,0.7090897
12,21029,0.62759966
23,40,0.83520436
23,51,0.8604512
23,1091,0.6419436
23,2408,0.7819454
23,3756,0.8579014
23,3833,0.7400131
23,4102,0.9477374
23,5712,0.69629
23,7139,0.63112664
23,7476,0.6844536
23,7574,0.75092214
23,9235,0.7340232
23,9397,0.6482701
23,12137,0.9483243
23,12246,0.6424208
23,12485,0.86083657
23,13203,0.7830464
23,13524,0.64300203
23,13683,0.8424426
23,13701,0.90863615
23,13703,0.9071247
23,14080,0.77374077
23,14280,0.6869261
23,14751,0.6432921
23,14986,0.6840587
23,15227,0.9341241
23,19400,0.68553764
23,20297,0.8891896
23,21117,0.9435529
23,21773,0.618325
23,22049,0.912171
23,22597,0.95015275
23,23095,0.93266374
23,23141,0.94037205
23,24785,0.7460029
23,25026,0.75502306
23,25070,0.7587431
23,26306,0.7156459
23,32746,0.93894404
23,36131,0.68419695
23,36778,0.69514936
23,38008,0.84513056
23,40667,0.7264382
23,43205,0.7608586
23,44806,0.7191661
23,45335,0.6070408
23,46161,0.9484438
23,46192,0.72327346
24,27368,0.8981488
33,20200,0.78610075
33,20594,0.78610075
33,27370,0.8004358
39,27374,0.7252083
40,23,0.83520436
40,51,0.7954821
40,2408,0.7226711
40,3756,0.77450424
40,3833,0.6890888
40,4102,0.8635664
40,5712,0.65014803
40,7476,0.61987203
40,7574,0.69223475
40,9235,0.691314
40,12137,0.8629836
40,12246,0.6092805
40,12485,0.7833131
40,13203,0.70743454
40,13524,0.6138237
40,13683,0.7551077
40,13701,0.8280828
40,13703,0.82466334
40,14080,0.69425106
40,14280,0.65069616
40,14986,0.63185495
40,15227,0.8450269
40,19400,0.6457068
40,20297,0.803455
40,21117,0.85989356
40,22049,0.84223795
40,22597,0.85885
40,23095,0.8486279
40,23141,0.86122906
40,24785,0.6988423
40,25026,0.6973197
40,25070,0.68721825
40,26306,0.66265583
40,32746,0.85923916
40,36131,0.6247646
40,36778,0.6476066
40,38008,0.7642571
40,40667,0.64232
40,43205,0.694446
40,44806,0.6557516
40,46161,0.86187565
40,46192,0.628471
51,23,0.8604512
51,40,0.7954821
51,1091,0.6175196
51,2408,0.7304817
51,3756,0.8251466
51,3833,0.71060985
51,4102,0.9078605
51,5712,0.66749865
51,7139,0.61663646
51,7476,0.6542095
51,7574,0.71576345
51,9235,0.7078109
51,9397,0.6474686
51,12137,0.8918228
51,12246,0.60589224
51,12485,0.81344134
51,13203,0.74682164
51,13524,0.652385
51,13683,0.8059602
51,13701,0.8575525
51,13703,0.85113776
51,14080,0.7580529
51,14280,0.6972678
51,14751,0.6251347
51,14986,0.6913025
51,15227,0.88147587
51,19400,0.65035474
51,20297,0.8518385
51,21117,0.88953626
51,22049,0.87182385
51,22597,0.8931696
51,23095,0.8785434
51,23141,0.8961406
51,24785,0.6945385
51,25026,0.70960134
51,25070,0.7247274
51,26306,0.6752766
51,32746,0.8894935
51,36131,0.6594511
51,36778,0.6724701
51,38008,0.80936986
51,40667,0.7188771
51,43205,0.734677
51,44806,0.6882214
51,45335,0.6497232
51,46161,0.8957749
51,46192,0.6801776
52,27387,0.75305974
52,34449,0.61601424
54,27420,0.77845323
71,34205,0.66041267
86,98,0.6161369
98,86,0.6161369
99,340,0.6367636
106,27534,0.78116167
108,572,0.66011316
108,4870,0.65099967
108,11050,0.6794794
108,11136,0.66011316
108,29222,0.66011316
108,31778,0.66011316
108,42276,0.66011316
113,27469,0.8537126
120,232,0.6112223
123,24753,0.70432866
123,27416,1.0
123,27483,0.631297
149,440,0.66473997
150,27521,1.0
150,29198,1.0
154,27519,0.67226994
156,3796,0.6564343
165,27715,0.6003887
166,24479,0.6241034
172,9856,0.6193696
172,27803,0.6046245
172,36418,0.61709756
175,7937,0.6412543
175,8116,0.7779607
175,20437,0.7779607
175,26274,0.7779607
175,32749,0.7074025
185,13668,0.65605664
185,20573,0.65605664
185,20618,0.6443381
185,27617,0.6219642
196,27485,0.7123711
207,27643,0.86914194
214,1334,0.6675237
224,27662,0.87342143
231,19200,0.8323229
231,25506,0.8056894
232,120,0.6112223
247,27692,0.8741346
250,4745,0.80586034
250,7519,0.81805193
250,8775,0.60888237
250,9288,0.68175864
250,18148,0.7726609
250,18686,0.81361693
250,22717,0.75634235
250,27690,0.8759774
250,29028,0.8258068
250,31835,0.63390625
250,32007,0.82184136
250,35671,0.6372958
250,37487,0.64031416
250,40723,0.65445757
250,41173,0.66480833
250,44803,0.80509603
259,305,0.60006815
259,367,0.6004267
259,451,0.6082447
260,27709,0.99132556
275,27724,0.90908444
289,27741,0.9391229
299,572,0.7707536
299,11053,0.7021716
299,11136,0.7707536
299,14081,0.66906005
299,16809,0.61446536
299,23682,0.60008484
299,29222,0.7707536
299,31778,0.7707536
299,41708,0.66906005
299,42276,0.7707536
299,44260,0.65052664
302,27750,0.89010954
305,259,0.60006815
315,42362,0.7605652
320,27768,0.96044654
323,583,0.613845
323,28096,0.6038884
325,27776,1.0
333,27790,0.8540525
335,27792,0.8740647
336,27794,0.64250004
340,99,0.6367636
350,27816,0.83948416
352,27817,0.79434353
367,259,0.6004267
368,44055,1.0
369,27830,0.76039624
374,27841,0.7907186
402,27873,1.0
407,27464,0.65560883
407,27524,0.8056195
407,27901,0.6598774
421,14076,0.6590396
426,27908,0.96115696
440,149,0.66473997
447,583,0.6195338
447,28096,0.62060195
448,27928,0.93378615
451,259,0.6082447
459,27945,0.65021235
461,1855,0.6023213
461,10169,0.61468637
461,11114,1.0
461,20358,0.6109742
461,25786,0.66542894
461,26269,0.65942997
461,27240,0.61468637
461,29231,0.61468637
461,32906,0.61468637
461,33070,0.66542894
461,34305,0.66542894
461,39672,0.61468637
461,44528,0.65610075
471,27959,0.92763215
475,27524,0.6045553
491,27990,0.6112906
507,28003,0.99915415
540,28044,0.90534943
561,28072,0.97939277
565,28079,0.98574746
569,28083,0.92171305
572,108,0.66011316
572,299,0.7707536
572,11050,0.6552278
572,11105,0.64499664
572,11136,1.0
572,14081,0.8680595
572,16809,0.7972267
572,20332,0.6242105
572,23682,0.76283884
572,24534,0.68876743
572,24699,0.7608909
572,29222,1.0
572,31778,1.0
572,32751,0.64499664
572,41708,0.8680595
572,42276,1.0
572,44260,0.7716832
582,9050,0.67803097
582,10169,0.63499033
582,10231,0.7737387
582,10449,0.6380039
582,10467,0.9917083
582,10497,0.6380039
582,13692,0.6380039
582,14060,0.67631555
582,15196,0.99999994
582,16824,0.99999994
582,16985,0.67803097
582,19884,0.99999994
582,19889,0.67803097
582,20388,0.6380039
582,25586,0.9917083
582,26623,0.6380039
582,27240,0.63499033
582,29231,0.63499033
582,32906,0.63499033
582,33634,0.63655895
582,33672,0.6380039
582,39672,0.63499033
582,44014,0.7737387
582,44457,0.6380039
583,323,0.613845
583,447,0.6195338
583,27528,0.66021484
583,27717,0.6265234
583,28096,0.895586
600,4882,0.69592357
600,20247,0.6879912
600,20760,0.6184431
600,26369,0.64009637
600,38010,0.6296596
600,44312,0.6285032
600,45465,0.7686251
613,1855,0.6995567
613,8173,0.73609924
613,24280,0.6686747
613,25786,0.7218354
613,33070,0.7218354
613,33084,0.6319568
613,34305,0.7218354
619,19173,0.60887074
619,29569,0.6382445
620,3303,0.6582681
620,4062,1.0
620,8318,0.62349874
620,9200,1.0
620,10968,0.7839078
620,13716,0.72934234
620,14131,0.6104807
620,15038,0.61679035
620,22364,0.7839078
620,22460,0.69978756
620,22901,0.6497186
620,24683,1.0
620,26166,0.78499275
620,26701,0.6324871
620,29182,0.72934234
620,29224,1.0
620,30106,1.0
620,31549,1.0
620,32520,0.78499275
620,32634,0.78499275
620,32883,0.78499275
620,32948,0.78499275
620,33775,0.6455362
620,35425,0.80260396
620,39383,0.66585124
620,41787,0.6582681
663,8135,0.6789462
663,14593,0.6492776
663,16295,0.6348808
663,20015,0.6457568
663,20093,0.6421447
663,21302,0.6435249
663,21404,0.6070669
663,24382,0.61961997
663,24572,0.6892151
663,27354,0.6514915
663,30999,0.6832238
663,32965,0.61384463
663,34016,0.64539355
663,44966,0.6672827
888,15266,0.965878
888,32506,0.8521768
888,34086,0.6045913
888,44195,1.0
971,24632,0.6979179
971,32905,0.76482534
971,34112,0.76482534
998,1262,0.6156844
998,1435,0.6237526
1005,1038,0.6140119
1005,1048,0.6813041
1005,1329,0.6764893
1005,1435,0.61179876
1005,1445,0.6303773
1005,12341,0.76085806
1005,13170,0.6736807
1005,41531,0.68938327
1008,1032,0.6267747
1014,38477,0.6970781
1021,1426,0.99999994
1032,1008,0.6267747
1038,1005,0.6140119
1038,1435,0.60124886
1048,1005,0.6813041
1074,1855,0.7072161
1074,8173,0.64066327
1074,21259,0.74274486
1074,24280,0.675996
1074,25786,0.78131396
1074,33070,0.78131396
1074,33084,0.638876
1074,34305,0.78131396
1091,23,0.6419436
1091,51,0.6175196
1091,3756,0.6928121
1091,4102,0.6542429
1091,12137,0.65028775
1091,12485,0.6056877
1091,13683,0.62181824
1091,13701,0.63982
1091,13703,0.62885094
1091,14080,0.6066153
1091,15227,0.67255104
1091,20297,0.64354354
1091,21117,0.65220416
1091,22049,0.66098917
1091,22597,0.6529552
1091,23095,0.65073067
1091,23141,0.6548148
1091,32746,0.65001297
1091,38008,0.60602176
1091,43205,0.6038835
1091,46161,0.6567735
1104,2559,0.6536766
1104,3433,0.6527457
1104,8135,0.85555136
1104,14593,0.80564296
1104,15884,0.68627733
1104,16295,0.7583655
1104,18489,0.6141107
1104,19691,0.7436595
1104,20015,0.7650873
1104,20093,0.74636495
1104,21302,0.78301096
1104,21404,0.63802636
1104,23005,0.6110957
1104,23703,0.6050802
1104,24382,0.7501488
1104,24572,0.8460392
1104,27354,0.7909094
1104,27537,0.69284993
1104,30999,0.8542837
1104,32471,0.8109883
1104,32965,0.70701176
1104,34016,0.7757876
1104,37497,0.62553304
1104,38953,0.6163646
1104,42947,0.67254376
1104,44966,0.8350196
1117,1334,0.620665
1118,2798,0.7156171
1126,1435,0.6072866
1131,39475,0.78297246
1165,1310,0.6274139
1262,998,0.6156844
1310,1165,0.6274139
1310,1457,0.6080138
1329,1005,0.6764893
1329,1435,0.63499504
1334,12,0.7090897
1334,214,0.6675237
1334,1117,0.620665
1334,20200,0.72209775
1334,20594,0.72209775
1334,21029,0.88507825
1334,27370,0.8277365
1334,28039,0.70714426
1355,1468,0.65195066
1355,5898,0.65195066
1355,43092,0.61137104
1366,1435,0.63202494
1375,25628,0.6164845
1410,19140,0.6726176
1426,1021,0.99999994
1435,998,0.6237526
1435,1005,0.61179876
1435,1038,0.60124886
1435,1126,0.6072866
1435,1329,0.63499504
1435,1366,0.63202494
1445,1005,0.6303773
1457,1310,0.6080138
1468,1355,0.65195066
1468,5898,1.0
1468,10929,0.619012
1468,15043,0.61344665
1468,24125,0.6404126
1468,24303,0.61175114
1468,24530,0.8480308
1468,29080,0.60687083
1468,29093,0.62553287
1468,35891,0.6091909
1468,36738,0.6461225
1468,43092,0.8022454
1501,1710,0.7876208
1505,1697,0.7525609
1511,11829,0.61303383
1511,29372,0.6028091
1697,1505,0.7525609
1710,1501,0.7876208
1855,461,0.6023213
1855,613,0.6995567
1855,1074,0.7072161
1855,8173,0.847131
1855,11114,0.6023213
1855,12027,0.6019611
1855,21259,0.6336626
1855,22477,0.69813585
1855,24280,0.9558551
1855,25786,0.9051625
1855,26592,0.72027576
1855,33070,0.9051625
1855,33084,0.9033676
1855,34305,0.9051625
1855,45191,0.6584811
1876,41908,1.0
1885,14349,0.72793114
1885,23219,0.7233243
1885,42911,0.6470555
1907,12882,0.7890801
1929,33851,0.6940049
2199,35286,0.6098004
2260,2422,0.6674137
2268,13771,0.67283374
2268,25068,0.6112512
2408,23,0.7819454
2408,40,0.7226711
2408,51,0.7304817
2408,3756,0.72757
2408,3833,0.65035856
2408,4102,0.80635756
2408,5712,0.61918974
2408,7574,0.6442394
2408,9235,0.63198394
2408,12137,0.80788076
2408,12485,0.7446183
2408,13203,0.6701307
2408,13683,0.7081624
2408,13701,0.7804065
2408,13703,0.7736631
2408,14080,0.65333414
2408,14280,0.60754925
2408,15227,0.79356176
2408,20297,0.7574794
2408,21117,0.80385655
2408,22049,0.78910893
2408,22597,0.8060511
2408,23095,0.79316705
2408,23141,0.80124485
2408,24785,0.64841014
2408,25026,0.64657634
2408,25070,0.64582056
2408,26306,0.6187185
2408,32746,0.8057293
2408,36778,0.62098753
2408,38008,0.7172372
2408,40667,0.6026642
2408,43205,0.6468573
2408,44806,0.6146527
2408,46161,0.8070015
2408,46192,0.63737327
2422,2260,0.6674137
2559,1104,0.6536766
2559,3433,0.6205115
2559,8135,0.6977242
2559,14593,0.6594418
2559,15884,0.6041643
2559,16295,0.6191642
2559,19691,0.69069785
2559,20015,0.6313628
2559,20093,0.61408216
2559,21302,0.6536303
2559,21404,0.60090077
2559,24382,0.65926945
2559,24572,0.68623155
2559,27354,0.65817094
2559,27537,0.71204
2559,30999,0.7167505
2559,32965,0.6015179
2559,34016,0.6778235
2559,44966,0.72211003
2714,7147,0.68558484
2714,13987,0.6702787
2714,21175,0.71682924
2714,22571,0.6292678
2714,24983,0.60666907
2714,29228,0.681022
2714,29372,0.6301174
2714,30479,0.6679939
2714,40027,0.85024977
2714,41703,0.6477848
2723,21056,0.60214394
2750,15710,0.6298269
2750,22259,0.61583704
2751,2757,0.6090043
2751,2765,0.64376104
2754,2756,0.7665287
2754,2786,0.70279896
2756,2754,0.7665287
2757,2751,0.6090043
2757,2758,0.6383774
2757,2763,0.7176606
2757,24119,0.6149623
2757,31338,0.71555334
2758,2757,0.6383774
2758,32494,0.6337803
2763,2757,0.7176606
2765,2751,0.64376104
2765,2786,0.6127465
2768,2769,0.91136485
2769,2768,0.91136485
2786,2754,0.70279896
2786,2765,0.6127465
2798,1118,0.7156171
2802,2982,0.61978674
2882,11082,0.6664658
2882,46470,0.6327354
2929,2961,0.66432065
2961,2929,0.66432065
2961,3021,0.6909691
2961,3049,0.60716385
2973,5084,0.7538391
2973,5110,0.6380626
2973,7440,0.61280847
2973,11097,0.7848715
2973,11569,0.6509448
2973,12159,0.7018506
2973,19140,0.63184094
2973,24479,0.78740805
2973,29570,0.66479534
2973,29716,0.64836496
2973,29724,0.6797347
2982,2802,0.61978674
3021,2961,0.6909691
3033,5127,0.61334383
3033,9618,0.73431474
3033,10968,0.899437
3033,13679,0.7092033
3033,15038,0.76175934
3033,15260,0.7650851
3033,20707,0.70750827
3033,22364,0.899437
3033,22460,0.7479704
3033,24976,0.6615632
3033,31759,0.65304434
3033,44312,0.66392136
3049,2961,0.60716385
3113,5514,0.6410217
3113,5755,0.6245073
3133,4423,0.69037175
3133,20954,0.6289679
3133,27879,0.69859743
3133,32443,0.7077354
3133,34785,0.7066228
3133,36112,0.6034385
3133,40032,0.6549226
3133,40132,0.6767591
3133,45875,0.6145837
3144,3150,0.99999994
3145,20444,0.62312734
3150,3144,0.99999994
3303,620,0.6582681
3303,4062,0.6582681
3303,7782,0.6177415
3303,7873,0.6191915
3303,9200,0.6582681
3303,9959,0.69353515
3303,10968,0.6873697
3303,13987,0.63680077
3303,21175,0.60022444
3303,22364,0.6873697
3303,22460,0.7846174
3303,24683,0.6582681
3303,24983,0.74816185
3303,29224,0.6582681
3303,29228,0.65623903
3303,29372,0.6244962
3303,29396,0.6781238
3303,29533,0.6089635
3303,30106,0.6582681
3303,31549,0.6582681
3303,36423,0.6460724
3303,40027,0.7566426
3303,41703,0.7871811
3303,41787,1.0
3433,1104,0.6527457
3433,2559,0.6205115
3433,8135,0.744137
3433,14593,0.71075
3433,15884,0.65434676
3433,16295,0.7041095
3433,19691,0.67601526
3433,20015,0.6820555
3433,20093,0.661186
3433,21302,0.7066035
3433,21404,0.66251165
3433,24382,0.75215715
3433,24572,0.74127334
3433,27354,0.7079735
3433,27537,0.6638168
3433,30999,0.79254013
3433,32965,0.6422518
3433,34016,0.7690499
3433,44966,0.77811646
3442,3676,1.0
3596,4423,0.6874437
3596,20954,0.61906546
3596,27879,0.72061783
3596,32443,0.7250605
3596,34785,0.7130807
3596,36112,0.6202656
3596,40032,0.61792415
3596,40132,0.67832834
3596,42898,0.62248766
3596,45875,0.6418113
3622,25353,0.60603875
3622,33019,0.74396217
3676,3442,1.0
3756,23,0.8579014
3756,40,0.77450424
3756,51,0.8251466
3756,1091,0.6928121
3756,2408,0.72757
3756,3833,0.70711017
3756,4102,0.89078075
3756,5712,0.75945705
3756,7139,0.62238437
3756,7476,0.6561312
3756,7574,0.71523577
3756,9235,0.75079036
3756,9397,0.76971793
3756,12137,0.88897806
3756,12246,0.60620505
3756,12485,0.8116315
3756,13203,0.7471821
3756,13524,0.6300927
3756,13683,0.81163615
3756,13701,0.85567105
3756,13703,0.8483911
3756,14080,0.7650397
3756,14280,0.73518306
3756,14751,0.6306746
3756,14986,0.68234277
3756,15227,0.87827283
3756,19400,0.6349351
3756,20297,0.8517983
3756,21117,0.8858633
3756,22049,0.86738443
3756,22597,0.8894817
3756,23095,0.87581056
3756,23141,0.8851428
3756,24785,0.7277546
3756,25026,0.7081462
3756,25070,0.7245451
3756,26306,0.6764084
3756,32746,0.87996835
3756,36131,0.6620639
3756,36778,0.6650109
3756,38008,0.8104545
3756,40667,0.67359203
3756,43205,0.7791508
3756,44806,0.69024295
3756,45335,0.60933155
3756,46161,0.892058
3756,46192,0.68651783
3767,4008,0.9688158
3778,4129,0.68188196
3796,156,0.6564343
3796,29045,0.6193207
3801,4253,0.76506925
3833,23,0.7400131
3833,40,0.6890888
3833,51,0.71060985
3833,2408,0.65035856
3833,3756,0.70711017
3833,4102,0.7609501
3833,5712,0.6324791
3833,7574,0.6318775
3833,9235,0.6182643
3833,9397,0.6080681
3833,12137,0.76024204
3833,12485,0.696564
3833,13203,0.6532787
3833,13524,0.60307956
3833,13683,0.698653
3833,13701,0.7374519
3833,13703,0.73140365
3833,14080,0.71742374
3833,14280,0.64901274
3833,14986,0.643587
3833,15227,0.7635514
3833,20297,0.7599008
3833,21117,0.7584012
3833,22049,0.75171286
3833,22597,0.7605938
3833,23095,0.7514595
3833,23141,0.75722176
3833,24785,0.63519114
3833,25026,0.63282853
3833,25070,0.6448105
3833,26306,0.6093982
3833,32746,0.7604051
3833,38008,0.69615316
3833,43205,0.6452424
3833,44806,0.61969227
3833,46161,0.7711167
3850,3854,0.99999994
3854,3850,0.99999994
3857,26841,0.64330053
3857,33973,0.61379445
4008,3767,0.9688158
4017,9050,0.8631161
4017,10449,0.84719723
4017,10497,0.84719723
4017,13692,0.84719723
4017,16985,0.8631161
4017,19871,0.6747779
4017,19889,0.8631161
4017,20388,0.84719723
4017,25912,0.6747779
4017,26623,0.84719723
4017,32470,0.6675545
4017,33672,0.84719723
4017,35949,0.6747779
4017,44457,0.84719723
4062,620,1.0
4062,3303,0.6582681
4062,8318,0.62349874
4062,9200,1.0
4062,10968,0.7839078
4062,13716,0.72934234
4062,14131,0.6104807
4062,15038,0.61679035
4062,22364,0.7839078
4062,22460,0.69978756
4062,22901,0.6497186
4062,24683,1.0
4062,26166,0.78499275
4062,26701,0.6324871
4062,29182,0.72934234
4062,29224,1.0
4062,30106,1.0
4062,31549,1.0
4062,32520,0.78499275
4062,32634,0.78499275
4062,32883,0.78499275
4062,32948,0.78499275
4062,33775,0.6455362
4062,35425,0.80260396
4062,39383,0.66585124
4062,41787,0.6582681
4102,23,0.9477374
4102,40,0.8635664
4102,51,0.9078605
4102,1091,0.6542429
4102,2408,0.80635756
4102,3756,0.89078075
4102,3833,0.7609501
4102,5712,0.72248036
4102,7139,0.6514472
4102,7476,0.70624703
4102,7574,0.7792424
4102,9235,0.7574856
4102,9397,0.6633694
4102,10598,0.60279447
4102,12137,0.98964494
4102,12246,0.6657373
4102,12485,0.8950304
4102,13203,0.8118366
4102,13524,0.66729903
4102,13674,0.6180581
4102,13683,0.85778946
4102,13701,0.9453837
4102,13703,0.93831193
4102,14080,0.7931334
4102,14280,0.7034447
4102,14751,0.6589429
4102,14986,0.7064921
4102,15227,0.970744
4102,19400,0.7033921
4102,20297,0.92336506
4102,21117,0.9836208
4102,21773,0.6269625
4102,22049,0.94722277
4102,22597,0.9876384
4102,23095,0.9692694
4102,23141,0.9839251
4102,24785,0.7595912
4102,25026,0.7768431
4102,25070,0.7889896
4102,26306,0.7358535
4102,31872,0.60174733
4102,32746,0.9792173
4102,36131,0.7044741
4102,36778,0.72136843
4102,38008,0.8785475
4102,40667,0.7295583
4102,43205,0.78266144
4102,44806,0.74296415
4102,45335,0.6411122
4102,46161,0.9895642
4102,46192,0.71816504
4129,3778,0.68188196
4153,4177,0.6858391
4177,4153,0.6858391
4253,3801,0.76506925
4267,6303,0.7164563
4267,12429,0.91987693
4267,15977,0.85311687
4267,19751,0.8964622
4267,25564,0.7438238
4267,30837,0.6799717
4267,35092,0.70280063
4267,43065,0.7559563
4369,4375,0.62503946
4375,4369,0.62503946
4420,15200,0.6428298
4420,24534,0.66727936
4423,3133,0.69037175
4423,3596,0.6874437
4423,7773,0.6175094
4423,8352,0.6451713
4423,9092,0.63995475
4423,14676,0.63530195
4423,17688,0.6941128
4423,20954,0.7754688
4423,26391,0.68462265
4423,27879,0.88270134
4423,32443,0.89454097
4423,32494,0.6297481
4423,34785,0.8718124
4423,36112,0.7170047
4423,37403,0.70983976
4423,40032,0.73581284
4423,40132,0.8132544
4423,40241,0.6620767
4423,42898,0.68194306
4423,43245,0.651997
4423,45875,0.75440377
4484,4485,0.6134474
4485,4484,0.6134474
4516,4537,0.6684083
4516,4563,0.6043441
4516,4594,0.6054337
4516,4596,0.6427778
4516,4706,0.6047139
4516,4717,0.60238695
4516,4720,0.6515756
4529,20407,0.6118463
4530,4596,0.6417999
4537,4516,0.6684083
4537,4594,0.6149929
4537,4596,0.63876104
4537,4720,0.6187297
4563,4516,0.6043441
4571,4639,0.6704735
4571,4716,0.6004909
4594,4516,0.6054337
4594,4537,0.6149929
4594,4596,0.68448406
4594,4703,0.609568
4594,4715,0.6463708
4594,4720,0.6293845
4596,4516,0.6427778
4596,4530,0.6417999
4596,4537,0.63876104
4596,4594,0.68448406
4596,4613,0.65826833
4596,4644,0.63251007
4596,4703,0.6404649
4596,4715,0.6641147
4596,4720,0.65371466
4596,4721,0.6109481
4610,33019,0.6042423
4613,4596,0.65826833
4626,4644,0.6131683
4639,4571,0.6704735
4639,4711,0.61082566
4639,4716,0.66446257
4639,4744,0.6573899
4644,4596,0.63251007
4644,4626,0.6131683
4703,4594,0.609568
4703,4596,0.6404649
4703,4720,0.6194816
4706,4516,0.6047139
4711,4639,0.61082566
4715,4594,0.6463708
4715,4596,0.6641147
4716,4571,0.6004909
4716,4639,0.66446257
4716,4744,0.6096991
4717,4516,0.60238695
4720,4516,0.6515756
4720,4537,0.6187297
4720,4594,0.6293845
4720,4596,0.65371466
4720,4703,0.6194816
4721,4596,0.6109481
4744,4639,0.6573899
4744,4716,0.6096991
4745,250,0.80586034
4745,7519,0.8993045
4745,8775,0.6351917
4745,9288,0.70608526
4745,18148,0.82833153
4745,18686,0.9110156
4745,22717,0.81730986
4745,27690,0.8701857
4745,29028,0.9245974
4745,31835,0.6421928
4745,32007,0.90915376
4745,35671,0.65824956
4745,37487,0.6738704
4745,40723,0.7174724
4745,41173,0.7143332
4745,44803,0.88685024
4784,4814,0.64897203
4784,46371,0.6357624
4814,4784,0.64897203
4814,46371,0.65196127
4870,108,0.65099967
4874,4904,0.7202799
4874,4919,0.67843336
4874,4970,0.62015015
4874,4972,0.74670225
4874,5020,0.63054025
4874,5021,0.68093014
4874,5053,0.6719476
4874,26380,0.6907812
4874,26428,0.6087168
4874,26461,0.6553066
4874,26469,0.63001955
4874,26607,0.6289561
4874,38449,0.6907812
4882,600,0.69592357
4882,10968,0.6380519
4882,13705,0.71611136
4882,20400,0.71611136
4882,20445,0.71611136
4882,20447,0.6523627
4882,22364,0.6380519
4882,26257,0.6555078
4882,26308,0.71611136
4882,26701,0.72930276
4882,44312,0.79247224
4883,8314,0.6401344
4883,20375,0.6401344
4897,10165,0.7006935
4897,17804,0.7006935
4897,20017,0.66676426
4897,20286,0.66676426
4897,20799,0.66676426
4897,21060,0.66676426
4903,4972,0.6084677
4904,4874,0.7202799
4904,4919,0.6401539
4904,4970,0.6893622
4904,4972,0.71565
4904,4990,0.6216418
4904,5021,0.7076009
4904,5025,0.6067243
4904,5050,0.6540867
4904,5053,0.66789156
4904,26380,0.6643015
4904,26428,0.6420492
4904,26459,0.6041935
4904,26461,0.68569773
4904,26469,0.6523481
4904,26607,0.7082415
4904,38449,0.6643015
4919,4874,0.67843336
4919,4904,0.6401539
4919,4972,0.6589974
4919,5021,0.6073477
4919,5053,0.6316341
4919,26380,0.6329518
4919,38449,0.6329518
4970,4874,0.62015015
4970,4904,0.6893622
4970,4972,0.65209323
4970,5021,0.65382236
4970,5050,0.65183794
4970,26380,0.64439934
4970,26461,0.6078393
4970,26607,0.6850751
4970,38449,0.64439934
4972,4874,0.74670225
4972,4903,0.6084677
4972,4904,0.71565
4972,4919,0.6589974
4972,4970,0.65209323
4972,5020,0.60592467
4972,5021,0.68162775
4972,5050,0.6130463
4972,5053,0.6664554
4972,26380,0.6920297
4972,26461,0.6796612
4972,26469,0.64603585
4972,26607,0.6517407
4972,38449,0.6920297
4990,4904,0.6216418
4990,26607,0.63439727
5020,4874,0.63054025
5020,4972,0.60592467
5020,26243,0.63336456
5020,26380,0.6120162
5020,38449,0.6120162
5021,4874,0.68093014
5021,4904,0.7076009
5021,4919,0.6073477
5021,4970,0.65382236
5021,4972,0.68162775
5021,5025,0.6099378
5021,5050,0.6180204
5021,5053,0.62715054
5021,26380,0.64597726
5021,26461,0.6275893
5021,26607,0.6866417
5021,38449,0.64597726
5025,4904,0.6067243
5025,5021,0.6099378
5025,5053,0.62285376
5050,4904,0.6540867
5050,4970,0.65183794
5050,4972,0.6130463
5050,5021,0.6180204
5050,5053,0.61313933
5050,26296,0.61029583
5050,26380,0.67783374
5050,26607,0.6353428
5050,38449,0.67783374
5051,21030,0.64563316
5053,4874,0.6719476
5053,4904,0.66789156
5053,4919,0.6316341
5053,4972,0.6664554
5053,5021,0.62715054
5053,5025,0.62285376
5053,5050,0.61313933
5053,26380,0.6452707
5053,26461,0.6031652
5053,38449,0.6452707
5058,13613,0.68527174
5058,21200,1.0
5060,26607,0.6027212
5073,5090,1.0
5073,5103,1.0
5073,5112,1.0
5074,5080,1.0
5074,27664,0.617656
5076,5081,0.99999994
5076,5083,0.99999994
5076,5085,0.99999994
5076,5099,0.99999994
5076,5118,0.99999994
5077,5078,0.99999994
5078,5077,0.99999994
5079,5101,0.91873497
5079,5102,1.0
5080,5074,1.0
5080,27664,0.617656
5081,5076,0.99999994
5081,5083,0.99999994
5081,5085,0.99999994
5081,5099,0.99999994
5081,5118,0.99999994
5082,5104,0.8065131
5083,5076,0.99999994
5083,5081,0.99999994
5083,5085,0.99999994
5083,5099,0.99999994
5083,5118,0.99999994
5084,2973,0.7538391
5084,5110,0.84638536
5084,7440,0.7262905
5084,8698,0.6114719
5084,11075,0.62880427
5084,11097,0.9361343
5084,11569,0.7729279
5084,12159,0.83337307
5084,13670,0.6094647
5084,14451,0.603494
5084,19140,0.73165965
5084,20289,0.63532376
5084,20363,0.67798007
5084,22882,0.6629832
5084,22914,0.64251727
5084,24479,0.93496346
5084,25569,0.70578
5084,25615,0.6366712
5084,25849,0.70578
5084,28229,0.6054822
5084,29570,0.73342776
5084,29716,0.75557953
5084,29724,0.775322
5084,32657,0.6288211
5084,39344,0.68521833
5084,40473,0.6042405
5085,5076,0.99999994
5085,5081,0.99999994
5085,5083,0.99999994
5085,5099,0.99999994
5085,5118,0.99999994
5086,5109,0.9843049
5090,5073,1.0
5090,5103,1.0
5090,5112,1.0
5091,5111,0.952347
5092,13987,0.604349
5092,29228,0.6348072
5092,29764,0.61571497
5092,36767,0.69428027
5099,5076,0.99999994
5099,5081,0.99999994
5099,5083,0.99999994
5099,5085,0.99999994
5099,5118,0.99999994
5101,5079,0.91873497
5101,5102,0.91873497
5102,5079,1.0
5102,5101,0.91873497
5103,5073,1.0
5103,5090,1.0
5103,5112,1.0
5104,5082,0.8065131
5109,5086,0.9843049
5110,2973,0.6380626
5110,5084,0.84638536
5110,7440,0.61319137
5110,11097,0.790358
5110,11569,0.6525664
5110,12159,0.7035989
5110,19140,0.6177245
5110,24479,0.7893696
5110,29570,0.6192173
5110,29716,0.6379196
5110,29724,0.6545877
5111,5091,0.952347
5112,5073,1.0
5112,5090,1.0
5112,5103,1.0
5113,5115,1.0
5115,5113,1.0
5118,5076,0.99999994
5118,5081,0.99999994
5118,5083,0.99999994
5118,5085,0.99999994
5118,5099,0.99999994
5127,3033,0.61334383
5127,5309,0.77247185
5127,9618,0.7263512
5127,13680,0.7381864
5127,15200,0.6341868
5127,20416,0.62171394
5127,22460,0.65129954
5127,24976,0.85430557
5127,31759,0.6276589
5127,36680,0.6374761
5127,44101,0.69743127
5195,20670,0.7430609
5281,19851,0.66215885
5281,44717,0.67027575
5309,5127,0.77247185
5309,17415,0.7616111
5309,20280,0.7616111
5309,20293,0.8060567
5309,24935,0.7616111
5309,24976,0.70217365
5309,25219,0.7616111
5309,26924,0.7304852
5309,32297,0.7616111
5309,32659,0.7616111
5416,35286,0.61415213
5513,5514,0.628273
5513,5588,0.6107918
5514,3113,0.6410217
5514,5513,0.628273
5514,5526,0.602165
5514,5536,0.60045856
5514,5547,0.68455076
5514,5588,0.7325983
5514,5593,0.6437106
5514,5595,0.61831504
5514,5599,0.6526424
5514,5603,0.62736756
5514,5637,0.66295046
5514,5648,0.6063095
5514,5658,0.70011586
5514,5667,0.6082501
5514,5682,0.6734069
5514,5749,0.62863755
5514,5783,0.62713414
5514,5784,0.66612995
5514,5787,0.6688048
5514,5792,0.6895608
5514,5814,0.62357575
5514,5824,0.67102295
5514,5869,0.61950076
5516,5547,0.6564186
5516,5599,0.6190207
5516,5603,0.6264974
5516,5637,0.6157563
5516,5667,0.61933094
5516,5682,0.60236186
5516,5783,0.6422209
5516,5824,0.6429232
5526,5514,0.602165
5526,5792,0.6281451
5526,5824,0.63382006
5536,5514,0.60045856
5536,5547,0.6593555
5536,5603,0.60819304
5536,5682,0.63323605
5536,5783,0.61528885
5536,5824,0.6069913
5547,5514,0.68455076
5547,5516,0.6564186
5547,5536,0.6593555
5547,5548,0.6045077
5547,5588,0.6471185
5547,5593,0.6705576
5547,5599,0.66141975
5547,5603,0.6982445
5547,5618,0.6202335
5547,5637,0.64710677
5547,5658,0.6125911
5547,5667,0.6650683
5547,5682,0.6777379
5547,5714,0.6084498
5547,5736,0.6158339
5547,5783,0.7075381
5547,5792,0.62386763
5547,5814,0.6613094
5547,5824,0.6692627
5548,5547,0.6045077
5550,5824,0.6000221
5571,5658,0.61611605
5588,5513,0.6107918
5588,5514,0.7325983
5588,5547,0.6471185
5588,5593,0.6074331
5588,5599,0.62387764
5588,5637,0.6237744
5588,5648,0.6188489
5588,5658,0.70645404
5588,5682,0.60390455
5588,5749,0.61309916
5588,5783,0.6177871
5588,5784,0.6257787
5588,5787,0.64558095
5588,5792,0.69054097
5588,5824,0.6471277
5588,5869,0.6127857
5593,5514,0.6437106
5593,5547,0.6705576
5593,5588,0.6074331
5593,5603,0.60657316
5593,5627,0.61720234
5593,5637,0.6126744
5593,5667,0.6563875
5593,5682,0.60860986
5593,5727,0.6939463
5593,5783,0.6221077
5593,5792,0.6458715
5593,5824,0.72481656
5595,5514,0.61831504
5599,5514,0.6526424
5599,5516,0.6190207
5599,5547,0.66141975
5599,5588,0.62387764
5599,5603,0.6462037
5599,5637,0.6196639
5599,5658,0.6216675
5599,5667,0.61461806
5599,5682,0.65944797
5599,5783,0.6106948
5599,5787,0.6035177
5599,5792,0.62893
5599,5814,0.6344032
5599,5824,0.6512493
5603,5514,0.62736756
5603,5516,0.6264974
5603,5536,0.60819304
5603,5547,0.6982445
5603,5593,0.60657316
5603,5599,0.6462037
5603,5637,0.6404256
5603,5667,0.6175029
5603,5682,0.6156445
5603,5736,0.63023674
5603,5783,0.6530848
5603,5814,0.6253653
5603,5824,0.6343316
5604,9050,0.6564558
5604,10449,0.6177024
5604,10497,0.6177024
5604,13692,0.6177024
5604,16985,0.6564558
5604,19889,0.6564558
5604,20388,0.6177024
5604,26623,0.6177024
5604,33672,0.6177024
5604,42007,1.0
5604,44457,0.6177024
5618,5547,0.6202335
5627,5593,0.61720234
5627,5727,0.7049018
5637,5514,0.66295046
5637,5516,0.6157563
5637,5547,0.64710677
5637,5588,0.6237744
5637,5593,0.6126744
5637,5599,0.6196639
5637,5603,0.6404256
5637,5658,0.62607306
5637,5667,0.61883307
5637,5682,0.6186936
5637,5736,0.6074985
5637,5749,0.6029726
5637,5783,0.6302019
5637,5792,0.66715616
5637,5814,0.61595863
5637,5824,0.65199184
5637,5869,0.64093876
5648,5514,0.6063095
5648,5588,0.6188489
5658,5514,0.70011586
5658,5547,0.6125911
5658,5571,0.61611605
5658,5588,0.70645404
5658,5599,0.6216675
5658,5637,0.62607306
5658,5755,0.63944525
5658,5783,0.63505983
5658,5787,0.6109307
5658,5792,0.65504307
5658,5814,0.6349639
5658,5824,0.639868
5658,5869,0.6253789
5658,5873,0.6179389
5667,5514,0.6082501
5667,5516,0.61933094
5667,5547,0.6650683
5667,5593,0.6563875
5667,5599,0.61461806
5667,5603,0.6175029
5667,5637,0.61883307
5667,5682,0.6140594
5667,5783,0.62143147
5667,5814,0.60147804
5667,5824,0.6398533
5682,5514,0.6734069
5682,5516,0.60236186
5682,5536,0.63323605
5682,5547,0.6777379
5682,5588,0.60390455
5682,5593,0.60860986
5682,5599,0.65944797
5682,5603,0.6156445
5682,5637,0.6186936
5682,5667,0.6140594
5682,5783,0.6306822
5682,5814,0.61812556
5682,5824,0.6256288
5687,13961,0.65555763
5687,24419,0.60475564
5687,25146,0.67138773
5687,27010,0.64593536
5687,31801,0.6192361
5687,43296,0.6297064
5691,5755,0.65750104
5707,5755,0.6030381
5712,23,0.69629
5712,40,0.65014803
5712,51,0.66749865
5712,2408,0.61918974
5712,3756,0.75945705
5712,3833,0.6324791
5712,4102,0.72248036
5712,9235,0.6220675
5712,12137,0.7173112
5712,12485,0.6707005
5712,13203,0.6058547
5712,13683,0.6585379
5712,13701,0.69040257
5712,13703,0.68963784
5712,14080,0.6133537
5712,14280,0.6175584
5712,15227,0.7076471
5712,20297,0.6824562
5712,21117,0.7183094
5712,22049,0.70594937
5712,22597,0.7196731
5712,23095,0.70642674
5712,23141,0.7240411
5712,24785,0.6114189
5712,25026,0.6209519
5712,32746,0.7151495
5712,38008,0.64838815
5712,43205,0.6221644
5712,46161,0.71854246
5714,5547,0.6084498
5714,5783,0.6044386
5727,5593,0.6939463
5727,5627,0.7049018
5736,5547,0.6158339
5736,5603,0.63023674
5736,5637,0.6074985
5736,5824,0.6052938
5749,5514,0.62863755
5749,5588,0.61309916
5749,5637,0.6029726
5749,5869,0.62504643
5755,3113,0.6245073
5755,5658,0.63944525
5755,5691,0.65750104
5755,5707,0.6030381
5755,5781,0.6423206
5755,5814,0.6033673
5755,5873,0.6648907
5755,5880,0.66340417
5758,5792,0.60213304
5774,13961,0.65043706
5774,21954,0.6746796
5774,24419,0.65105015
5774,24694,0.6626842
5774,25146,0.70991623
5774,27010,0.6551585
5774,31801,0.68313473
5774,43296,0.62007475
5781,5755,0.6423206
5781,5873,0.6159971
5781,5880,0.608566
5783,5514,0.62713414
5783,5516,0.6422209
5783,5536,0.61528885
5783,5547,0.7075381
5783,5588,0.6177871
5783,5593,0.6221077
5783,5599,0.6106948
5783,5603,0.6530848
5783,5637,0.6302019
5783,5658,0.63505983
5783,5667,0.62143147
5783,5682,0.6306822
5783,5714,0.6044386
5783,5792,0.623477
5783,5814,0.6727677
5783,5824,0.642593
5783,5873,0.61063486
5784,5514,0.66612995
5784,5588,0.6257787
5784,5792,0.6161023
5784,5824,0.60051733
5787,5514,0.6688048
5787,5588,0.64558095
5787,5599,0.6035177
5787,5658,0.6109307
5787,5792,0.6297216
5792,5514,0.6895608
5792,5526,0.6281451
5792,5547,0.62386763
5792,5588,0.69054097
5792,5593,0.6458715
5792,5599,0.62893
5792,5637,0.66715616
5792,5658,0.65504307
5792,5758,0.60213304
5792,5783,0.623477
5792,5784,0.6161023
5792,5787,0.6297216
5792,5814,0.61787486
5792,5824,0.69592077
5792,5869,0.6027685
5814,5514,0.62357575
5814,5547,0.6613094
5814,5599,0.6344032
5814,5603,0.6253653
5814,5637,0.61595863
5814,5658,0.6349639
5814,5667,0.60147804
5814,5682,0.61812556
5814,5755,0.6033673
5814,5783,0.6727677
5814,5792,0.61787486
5814,5824,0.6450154
5814,5873,0.61866254
5824,5514,0.67102295
5824,5516,0.6429232
5824,5526,0.63382006
5824,5536,0.6069913
5824,5547,0.6692627
5824,5550,0.6000221
5824,5588,0.6471277
5824,5593,0.72481656
5824,5599,0.6512493
5824,5603,0.6343316
5824,5637,0.65199184
5824,5658,0.639868
5824,5667,0.6398533
5824,5682,0.6256288
5824,5736,0.6052938
5824,5783,0.642593
5824,5784,0.60051733
5824,5792,0.69592077
5824,5814,0.6450154
5824,5869,0.6035355
5833,44312,0.65657896
5855,27857,0.84903157
5855,30498,0.624996
5869,5514,0.61950076
5869,5588,0.6127857
5869,5637,0.64093876
5869,5658,0.6253789
5869,5749,0.62504643
5869,5792,0.6027685
5869,5824,0.6035355
5873,5658,0.6179389
5873,5755,0.6648907
5873,5781,0.6159971
5873,5783,0.61063486
5873,5814,0.61866254
5873,5880,0.65576947
5880,5755,0.66340417
5880,5781,0.608566
5880,5873,0.65576947
5898,1355,0.65195066
5898,1468,1.0
5898,10929,0.619012
5898,15043,0.61344665
5898,24125,0.64041257
5898,24303,0.6117511
5898,24530,0.8480308
5898,29080,0.60687083
5898,29093,0.62553287
5898,35891,0.6091909
5898,36738,0.6461225
5898,43092,0.8022454
5905,6159,0.72800463
5942,14895,0.61363584
5957,7176,0.60069066
6159,5905,0.72800463
6174,20884,0.6753198
6204,6306,0.99660045
6303,4267,0.7164563
6303,12429,0.707498
6303,15977,0.67558026
6303,19751,0.71109676
6303,25564,0.60490745
6303,43065,0.6316681
6306,6204,0.99660045
6314,6578,0.6439321
6323,20374,0.6107051
6323,24737,0.70692086
6323,29569,0.7219023
6323,32458,0.6107051
6323,32700,0.6107051
6323,34189,0.6107051
6355,6730,0.6665678
6395,24632,0.651034
6505,41868,0.69598025
6578,6314,0.6439321
6623,23418,0.647624
6623,28570,0.6378488
6730,6355,0.6665678
6790,6892,0.7267104
6856,20025,0.627102
6856,26053,0.72893417
6856,26204,0.8797777
6856,26448,0.6495178
6856,26584,0.627102
6892,6790,0.7267104
6896,7169,0.6413157
6897,7210,0.7343212
6902,7695,0.74359375
6902,24722,1.0
6902,26301,0.7453699
6902,27491,1.0
6902,27540,0.63822186
6902,31270,0.6225553
6902,32662,1.0
6902,32732,1.0
6902,33497,0.8558043
6902,35068,0.6392075
6902,43595,0.8946415
6958,22800,0.6945295
6971,9313,0.6175749
7036,8135,0.6028351
7036,24572,0.6071653
7036,30999,0.6137344
7036,44966,0.60733753
7106,10165,0.77214044
7106,17804,0.77214044
7106,27504,0.64355314
7106,43702,0.7863451
7111,7200,0.69758934
7129,26269,0.74561036
7139,23,0.63112664
7139,51,0.61663646
7139,3756,0.62238437
7139,4102,0.6514472
7139,12137,0.6455519
7139,13683,0.62117434
7139,13701,0.62748396
7139,13703,0.62354386
7139,14080,0.63436764
7139,14883,0.60383075
7139,15227,0.64470375
7139,20297,0.6365535
7139,21117,0.6670584
7139,22049,0.6421047
7139,22597,0.6501257
7139,23095,0.6674876
7139,23141,0.6484056
7139,32746,0.64371437
7139,36778,0.62870336
7139,38008,0.6070085
7139,46161,0.652591
7147,2714,0.68558484
7147,24983,0.6669891
7147,29396,0.68616426
7147,40027,0.7249459
7169,6896,0.6413157
7176,5957,0.60069066
7176,41025,0.6197105
7177,34226,0.7148259
7200,7111,0.69758934
7210,6897,0.7343212
7299,20390,0.64413965
7299,25160,0.6927342
7299,32485,0.64413965
7299,34109,0.7192663
7309,13683,0.6057639
7431,22800,0.602489
7440,2973,0.61280847
7440,5084,0.7262905
7440,5110,0.61319137
7440,11097,0.7511533
7440,11569,0.63153267
7440,12159,0.68092036
7440,19140,0.63144046
7440,20363,0.6933147
7440,24479,0.76392645
7440,29716,0.6205124
7440,29724,0.62684953
7440,39344,0.6197543
7446,14043,0.66963536
7446,37625,0.76316106
7449,11111,0.6282879
7449,15193,0.6339457
7449,23736,0.64965963
7449,42418,0.71828645
7457,43634,0.6321323
7459,21146,0.8114296
7459,27558,0.8114296
7459,43571,0.8114296
7472,7647,1.0
7476,23,0.6844536
7476,40,0.61987203
7476,51,0.6542095
7476,3756,0.6561312
7476,4102,0.70624703
7476,9235,0.6018624
7476,12137,0.70378226
7476,12485,0.64601535
7476,13683,0.6841077
7476,13701,0.6780805
7476,13703,0.6748882
7476,14080,0.6249613
7476,15227,0.6963302
7476,20297,0.710251
7476,21117,0.70763063
7476,22049,0.69649357
7476,22597,0.7052171
7476,23095,0.69784063
7476,23141,0.70451176
7476,32746,0.69836396
7476,38008,0.6757775
7476,46161,0.70754504
7507,9050,0.6139968
7507,16985,0.6139968
7507,19889,0.6139968
7519,250,0.81805193
7519,4745,0.8993045
7519,8775,0.6448248
7519,9288,0.72469497
7519,18148,0.8481821
7519,18686,0.92890924
7519,22717,0.8330473
7519,27690,0.8905289
7519,29028,0.94523734
7519,31835,0.65130764
7519,32007,0.92768
7519,35671,0.66800827
7519,37487,0.6895929
7519,38884,0.60732824
7519,40723,0.7215177
7519,41173,0.71782327
7519,44803,0.90095174
7574,23,0.75092214
7574,40,0.69223475
7574,51,0.71576345
7574,2408,0.6442394
7574,3756,0.71523577
7574,3833,0.6318775
7574,4102,0.7792424
7574,9235,0.6421364
7574,12137,0.78075236
7574,12485,0.70840645
7574,13203,0.6488276
7574,13683,0.7212939
7574,13701,0.7475069
7574,13703,0.7438267
7574,14080,0.6548631
7574,15227,0.76729655
7574,20297,0.76545596
7574,21117,0.7766974
7574,22049,0.7588657
7574,22597,0.77810603
7574,23095,0.7662245
7574,23141,0.7743841
7574,24785,0.6173645
7574,25026,0.6487804
7574,25070,0.6286739
7574,32746,0.77301323
7574,38008,0.72830284
7574,43205,0.6385138
7574,46161,0.78025407
7597,7739,0.61120176
7622,7884,0.6511265
7622,8373,0.64665276
7622,9794,0.99999994
7622,9905,0.99999994
7622,9942,0.99999994
7622,10731,0.6141446
7622,13698,0.69582814
7622,14106,0.61398
7622,15234,0.67348784
7622,15921,0.61256087
7622,16020,0.8597197
7622,17613,0.69582814
7622,20028,0.62522495
7622,20670,0.6931004
7622,24727,0.99999994
7622,25095,0.7821248
7622,26813,0.69582814
7622,28656,0.6893111
7622,29484,0.99999994
7622,30356,0.6057068
7622,33584,0.73791873
7622,41553,0.7467366
7647,7472,1.0
7695,6902,0.74359375
7695,24722,0.74359375
7695,27491,0.74359375
7695,32662,0.74359375
7695,32732,0.74359375
7695,33497,0.63733345
7695,43595,0.6652498
7739,7597,0.61120176
7773,4423,0.6175094
7773,27879,0.6580373
7773,32443,0.6658042
7773,34785,0.65269595
7773,40132,0.6176508
7782,3303,0.6177415
7782,24983,0.6668875
7782,41787,0.6177415
7814,7815,1.0
7815,7814,1.0
7823,8089,0.69055164
7825,26358,0.6426205
7825,28002,0.61921656
7825,32722,0.7210855
7825,33208,0.7437823
7830,22460,0.6071656
7831,11149,0.6851785
7831,29210,0.6851785
7847,30315,0.671276
7873,3303,0.6191915
7873,24983,0.62814856
7873,29228,0.60150963
7873,29396,0.62589455
7873,40027,0.6281313
7873,41787,0.6191915
7884,7622,0.6511265
7884,9794,0.6511265
7884,9905,0.6511265
7884,9942,0.6511265
7884,22142,0.8035292
7884,24727,0.6511265
7884,29484,0.6511265
7884,38010,0.6399564
7884,44312,0.69946736
7916,9977,0.6090839
7916,16918,0.64072394
7916,20089,0.87075716
7916,34470,0.86034036
7916,38870,0.7329934
7937,175,0.6412543
7944,28522,0.6387336
8073,8255,1.0
8089,7823,0.69055164
8101,8144,0.6598601
8111,13771,0.6135977
8111,21080,0.6670778
8111,25068,0.605689
8111,25366,0.6670778
8111,29148,0.6511307
8111,36680,0.67902225
8116,175,0.7779607
8116,18998,0.7081293
8116,20437,1.0
8116,20869,0.6788449
8116,25786,0.6584794
8116,26274,1.0
8116,32749,0.90930355
8116,33070,0.6584794
8116,34305,0.6584794
8129,26592,0.723515
8135,663,0.6789462
8135,1104,0.85555136
8135,2559,0.6977242
8135,3433,0.744137
8135,7036,0.6028351
8135,13655,0.656367
8135,14593,0.9096011
8135,15884,0.7861435
8135,16295,0.8570757
8135,17926,0.65022755
8135,18489,0.68444264
8135,19691,0.8155698
8135,20015,0.86348593
8135,20093,0.84526205
8135,21302,0.8840883
8135,21404,0.7213912
8135,21993,0.6074238
8135,23005,0.696387
8135,23384,0.60785365
8135,23703,0.7082126
8135,24382,0.8491684
8135,24572,0.955132
8135,27354,0.88942456
8135,27537,0.69389915
8135,30999,0.9637553
8135,32965,0.79685044
8135,34016,0.87730956
8135,37497,0.7168387
8135,38953,0.69562924
